entity{
  _template:t="custom_game_object"
  transform:m=[[1, 0, 0] [0, 1, 0] [0, 0, 1] [98.9919, 4.40895, -1313.78]]
  custom_game_object__name:t="turned_patrol"
}

entity{
  _template:t="custom_game_object"
  transform:m=[[1, 0, 0] [0, 1, 0] [0, 0, 1] [49.5676, 8.27407, -1083.21]]
  custom_game_object__name:t="turned_patrol"
}

entity{
  _template:t="custom_game_object"
  transform:m=[[1, 0, 0] [0, 1, 0] [0, 0, 1] [171.949, 33.9406, -839.365]]
  custom_game_object__name:t="turned_patrol"
}

entity{
  _template:t="custom_game_object"
  transform:m=[[1, 0, 0] [0, 1, 0] [0, 0, 1] [446.995, 29.8081, -878.49]]
  custom_game_object__name:t="turned_patrol"
}

entity{
  _template:t="custom_game_object"
  transform:m=[[1, 0, 0] [0, 1, 0] [0, 0, 1] [362.789, 35.8579, -687.967]]
  custom_game_object__name:t="turned_patrol"
}

entity{
  _template:t="custom_game_object"
  transform:m=[[1, 0, 0] [0, 1, 0] [0, 0, 1] [497.104, 42.9253, -426.328]]
  custom_game_object__name:t="turned_patrol"
}

entity{
  _template:t="custom_game_object"
  transform:m=[[1, 0, 0] [0, 1, 0] [0, 0, 1] [503.057, 32.8938, -923.836]]
  custom_game_object__name:t="turned_patrol"
}

entity{
  _template:t="custom_game_object"
  transform:m=[[1, 0, 0] [0, 1, 0] [0, 0, 1] [618.678, 32.1029, -998.333]]
  custom_game_object__name:t="turned_patrol"
}

entity{
  _template:t="custom_game_object"
  transform:m=[[1, 0, 0] [0, 1, 0] [0, 0, 1] [629.741, 40.7807, -1108.36]]
  custom_game_object__name:t="turned_patrol"
}

entity{
  _template:t="custom_game_object"
  transform:m=[[1, 0, 0] [0, 1, 0] [0, 0, 1] [563.064, 42.8106, -1335.51]]
  custom_game_object__name:t="turned_patrol"
}

entity{
  _template:t="custom_game_object"
  transform:m=[[1, 0, 0] [0, 1, 0] [0, 0, 1] [425.918, 29.118, -1121.36]]
  custom_game_object__name:t="turned_patrol"
}

entity{
  _template:t="custom_game_object"
  transform:m=[[1, 0, 0] [0, 1, 0] [0, 0, 1] [948.661, 52.9956, -1166.57]]
  custom_game_object__name:t="turned_patrol"
}

entity{
  _template:t="custom_game_object"
  transform:m=[[1, 0, 0] [0, 1, 0] [0, 0, 1] [556.487, 32.9739, -956.827]]
  custom_game_object__name:t="turned_patrol"
}

entity{
  _template:t="custom_game_object"
  transform:m=[[1, 0, 0] [0, 1, 0] [0, 0, 1] [480.867, 27.8572, -1232.78]]
  custom_game_object__name:t="turned_patrol"
}

entity{
  _template:t="custom_game_object"
  transform:m=[[1, 0, 0] [0, 1, 0] [0, 0, 1] [780.385, 52.4016, -1237.11]]
  custom_game_object__name:t="turned_patrol"
}

entity{
  _template:t="custom_game_object"
  transform:m=[[1, 0, 0] [0, 1, 0] [0, 0, 1] [702.817, 36.6728, -771.698]]
  custom_game_object__name:t="turned_patrol"
}

entity{
  _template:t="custom_game_object"
  transform:m=[[1, 0, 0] [0, 1, 0] [0, 0, 1] [259.998, 26.1968, -1356.6]]
  custom_game_object__name:t="turned_patrol"
}

entity{
  _template:t="custom_game_object"
  transform:m=[[1, 0, 0] [0, 1, 0] [0, 0, 1] [140.988, 9.13361, -1151.03]]
  custom_game_object__name:t="turned_patrol"
}

entity{
  _template:t="custom_game_object"
  transform:m=[[1, 0, 0] [0, 1, 0] [0, 0, 1] [514.025, 34.5032, -702.484]]
  custom_game_object__name:t="turned_patrol"
}

entity{
  _template:t="custom_game_object"
  transform:m=[[1, 0, 0] [0, 1, 0] [0, 0, 1] [625.447, 32.6594, -878.127]]
  custom_game_object__name:t="turned_patrol"
}

entity{
  _template:t="custom_game_object"
  transform:m=[[1, 0, 0] [0, 1, 0] [0, 0, 1] [322.376, 27.8211, -903.805]]
  custom_game_object__name:t="turned_patrol"
}

entity{
  _template:t="custom_game_object"
  transform:m=[[1, 0, 0] [0, 1, 0] [0, 0, 1] [463.903, 33.4162, -1462.31]]
  custom_game_object__name:t="turned_patrol"
}

entity{
  _template:t="custom_game_object"
  transform:m=[[1, 0, 0] [0, 1, 0] [0, 0, 1] [683.903, 38.0513, -1412.98]]
  custom_game_object__name:t="turned_patrol"
}

entity{
  _template:t="custom_game_object"
  transform:m=[[1, 0, 0] [0, 1, 0] [0, 0, 1] [690.061, 32.7626, -826.772]]
  custom_game_object__name:t="turned_patrol"
}

entity{
  _template:t="custom_game_object"
  transform:m=[[1, 0, 0] [0, 1, 0] [0, 0, 1] [185.134, 12.3815, -1244.92]]
  custom_game_object__name:t="worm_nest"
}

entity{
  _template:t="custom_game_object"
  transform:m=[[1, 0, 0] [0, 1, 0] [0, 0, 1] [152.626, 27.0518, -1457.84]]
  custom_game_object__name:t="worm_nest"
}

entity{
  _template:t="custom_game_object"
  transform:m=[[1, 0, 0] [0, 1, 0] [0, 0, 1] [278.652, 41.8495, -1073.67]]
  custom_game_object__name:t="worm_nest"
}

entity{
  _template:t="custom_game_object"
  transform:m=[[1, 0, 0] [0, 1, 0] [0, 0, 1] [266.519, 42.2273, -1058.89]]
  custom_game_object__name:t="worm_nest"
}

entity{
  _template:t="custom_game_object"
  transform:m=[[1, 0, 0] [0, 1, 0] [0, 0, 1] [246.4, 42.2463, -1072.74]]
  custom_game_object__name:t="worm_nest"
}

entity{
  _template:t="custom_game_object"
  transform:m=[[1, 0, 0] [0, 1, 0] [0, 0, 1] [261.452, 60.3058, -1083.59]]
  custom_game_object__name:t="worm_nest"
}

entity{
  _template:t="custom_game_object"
  transform:m=[[1, 0, 0] [0, 1, 0] [0, 0, 1] [471.491, 36.9961, -1058.15]]
  custom_game_object__name:t="worm_nest"
}

entity{
  _template:t="custom_game_object"
  transform:m=[[1, 0, 0] [0, 1, 0] [0, 0, 1] [554.406, 38.3656, -978.286]]
  custom_game_object__name:t="worm_nest"
}

entity{
  _template:t="custom_game_object"
  transform:m=[[1, 0, 0] [0, 1, 0] [0, 0, 1] [394.932, 35.2754, -884.286]]
  custom_game_object__name:t="worm_nest"
}

entity{
  _template:t="custom_game_object"
  transform:m=[[1, 0, 0] [0, 1, 0] [0, 0, 1] [602.065, 41.6107, -869.943]]
  custom_game_object__name:t="worm_nest"
}

entity{
  _template:t="custom_game_object"
  transform:m=[[1, 0, 0] [0, 1, 0] [0, 0, 1] [590.661, 46.4889, -722.22]]
  custom_game_object__name:t="worm_nest"
}

entity{
  _template:t="custom_game_object"
  transform:m=[[1, 0, 0] [0, 1, 0] [0, 0, 1] [314.462, 35.5544, -860.282]]
  custom_game_object__name:t="worm_nest"
}

entity{
  _template:t="custom_game_object"
  transform:m=[[1, 0, 0] [0, 1, 0] [0, 0, 1] [122.729, 10.7211, -1200.88]]
  custom_game_object__name:t="worm_nest"
}

entity{
  _template:t="custom_game_object"
  transform:m=[[1, 0, 0] [0, 1, 0] [0, 0, 1] [291.322, 31.7052, -1429.24]]
  custom_game_object__name:t="worm_nest"
}

entity{
  _template:t="custom_game_object"
  transform:m=[[1, 0, 0] [0, 1, 0] [0, 0, 1] [534.002, 36.9042, -1097.41]]
  custom_game_object__name:t="worm_nest"
}

entity{
  _template:t="custom_game_object"
  transform:m=[[1, 0, 0] [0, 1, 0] [0, 0, 1] [580.786, 42.552, -658.648]]
  custom_game_object__name:t="worm_nest"
}

entity{
  _template:t="custom_game_object"
  transform:m=[[1, 0, 0] [0, 1, 0] [0, 0, 1] [656.285, 38.8264, -895.714]]
  custom_game_object__name:t="worm_nest"
}

entity{
  _template:t="custom_game_object"
  transform:m=[[0.466847, 0, -0.884338] [0, 1, 0] [0.884338, -0, 0.466847] [-88.3594, 13.3057, -942.962]]
  custom_game_object__name:t="car_buggy"
}

entity{
  _template:t="custom_game_object"
  transform:m=[[0.0726508, 0, -0.997357] [0, 1, 0] [0.997358, -0, 0.0726508] [77.0868, 5.66419, -1377.95]]
  custom_game_object__name:t="car_buggy"
}

entity{
  _template:t="custom_game_object"
  transform:m=[[0.381739, 0, 0.92427] [0, 1, -0] [-0.92427, 0, 0.381739] [266.837, 27.6016, -1568.4]]
  custom_game_object__name:t="car_buggy"
}

entity{
  _template:t="custom_game_object"
  transform:m=[[-0.891851, 0, 0.452329] [0, 1, 0] [-0.452329, 0, -0.891851] [451.187, 39.042, -1577.98]]
  custom_game_object__name:t="car_buggy"
}

entity{
  _template:t="custom_game_object"
  transform:m=[[-0.274151, 0, -0.961687] [0, 1, 0] [0.961687, 0, -0.274151] [428.132, 41.1266, -475.094]]
  custom_game_object__name:t="car_buggy"
}

entity{
  _template:t="custom_game_object"
  transform:m=[[-0.76594, 0, -0.642912] [0, 1, 0] [0.642912, 0, -0.76594] [723.152, 35.3946, -592.233]]
  custom_game_object__name:t="car_buggy"
}

entity{
  _template:t="custom_game_object"
  transform:m=[[-0.769145, 0, -0.639075] [0, 1, 0] [0.639075, 0, -0.769145] [869.925, 36.4251, -954.265]]
  custom_game_object__name:t="car_buggy"
}

entity{
  _template:t="custom_game_object"
  transform:m=[[-0.226099, 0, 0.974104] [0, 1, 0] [-0.974104, 0, -0.226099] [1020.41, 52.9956, -1029.24]]
  custom_game_object__name:t="car_buggy"
}

entity{
  _template:t="custom_game_object"
  transform:m=[[0.950931, 0, -0.309402] [0, 1, 0] [0.309402, -0, 0.950931] [411.135, 30.8858, -785.146]]
  custom_game_object__name:t="car_buggy"
}

entity{
  _template:t="custom_game_object"
  transform:m=[[-0.417762, 0, 0.908557] [0, 1, 0] [-0.908557, 0, -0.417762] [93.6083, 6.77304, -1162.72]]
  custom_game_object__name:t="car_truck"
}

entity{
  _template:t="custom_game_object"
  transform:m=[[0.583448, 0, 0.812151] [0, 1, -0] [-0.812151, 0, 0.583448] [112.609, 19.9248, -1577.35]]
  custom_game_object__name:t="car_truck"
}

entity{
  _template:t="custom_game_object"
  transform:m=[[0.950994, 0, -0.30921] [0, 1, 0] [0.30921, -0, 0.950994] [399.59, 26.4093, -1325.99]]
  custom_game_object__name:t="car_truck"
}

entity{
  _template:t="custom_game_object"
  transform:m=[[0.930025, 0, -0.367496] [0, 1, 0] [0.367496, -0, 0.930025] [167.946, 23.6827, -990.133]]
  custom_game_object__name:t="car_truck"
}

entity{
  _template:t="custom_game_object"
  transform:m=[[-0.335864, 0, -0.94191] [0, 1, 0] [0.94191, 0, -0.335864] [258.615, 38.7064, -601.24]]
  custom_game_object__name:t="car_truck"
}

entity{
  _template:t="custom_game_object"
  transform:m=[[-0.191122, 0, -0.981566] [0, 1, 0] [0.981566, 0, -0.191122] [581.19, 36.0098, -561.641]]
  custom_game_object__name:t="car_truck"
}

entity{
  _template:t="custom_game_object"
  transform:m=[[-0.341483, 0, -0.939888] [0, 1, 0] [0.939888, 0, -0.341483] [911.526, 35.7442, -791.049]]
  custom_game_object__name:t="car_truck"
}

entity{
  _template:t="custom_game_object"
  transform:m=[[-0.513361, 0, -0.858173] [0, 1, 0] [0.858173, 0, -0.513361] [702.086, 42.1588, -1170.98]]
  custom_game_object__name:t="car_truck"
}

entity{
  _template:t="custom_game_object"
  transform:m=[[-0.768128, 0, -0.640296] [0, 1, 0] [0.640296, 0, -0.768128] [111.775, 37.2354, -697.496]]
  custom_game_object__name:t="car_truck"
}

entity{
  _template:t="custom_game_object"
  custom_game_object__name:t="monster_conversion"
  transform:m=[[1, 0, 0] [0, 1, 0] [0, 0, 1] [538.058, 46.2467, -1391.26]]
}

entity{
  _template:t="custom_game_object"
  custom_game_object__name:t="monster_conversion"
  transform:m=[[1, 0, 0] [0, 1, 0] [0, 0, 1] [564.738, 35.2061, -795.402]]
}

entity{
  _template:t="custom_game_object"
  custom_game_object__name:t="monster_conversion"
  transform:m=[[1, 0, 0] [0, 1, 0] [0, 0, 1] [129.58, 23.6554, -1016.17]]
}

entity{
  _template:t="custom_game_object"
  custom_game_object__name:t="monster_conversion"
  transform:m=[[1, 0, 0] [0, 1, 0] [0, 0, 1] [611.938, 32.27, -967.975]]
}

entity{
  _template:t="custom_game_object"
  custom_game_object__name:t="monster_conversion"
  transform:m=[[1, 0, 0] [0, 1, 0] [0, 0, 1] [489.922, 30.0175, -1163.79]]
}

entity{
  _template:t="custom_game_object"
  custom_game_object__name:t="monster_conversion"
  transform:m=[[1, 0, 0] [0, 1, 0] [0, 0, 1] [425.909, 31.4501, -1007.82]]
}

entity{
  _template:t="custom_game_object"
  custom_game_object__name:t="monster_conversion"
  transform:m=[[1, 0, 0] [0, 1, 0] [0, 0, 1] [169.279, 4.4402, -1282.73]]
}

entity{
  _template:t="custom_game_object"
  custom_game_object__name:t="monster_conversion"
  transform:m=[[1, 0, 0] [0, 1, 0] [0, 0, 1] [583.67, 33.2132, -880.013]]
}

entity{
  _template:t="custom_game_object"
  custom_game_object__name:t="monster_conversion"
  transform:m=[[1, 0, 0] [0, 1, 0] [0, 0, 1] [621.15, 39.9045, -1154.06]]
}

entity{
  _template:t="custom_game_object"
  custom_game_object__name:t="indoor_floor_weapons"
  transform:m=[[-0.0522615, 0, -0.998633] [0, 1, 0] [0.998633, 0, -0.0522615] [603.365, 37.8074, -507.293]]
}

entity{
  _template:t="custom_game_object"
  custom_game_object__name:t="indoor_floor_weapons"
  transform:m=[[-0.0522615, 0, -0.998633] [0, 1, 0] [0.998633, 0, -0.0522615] [592.992, 37.8074, -540.762]]
}

entity{
  _template:t="custom_game_object"
  custom_game_object__name:t="indoor_floor_weapons"
  transform:m=[[-0.0522615, 0, -0.998633] [0, 1, 0] [0.998633, 0, -0.0522615] [557.412, 36.5486, -560.301]]
}

entity{
  _template:t="custom_game_object"
  custom_game_object__name:t="indoor_floor_weapons"
  transform:m=[[-0.0522615, 0, -0.998633] [0, 1, 0] [0.998633, 0, -0.0522615] [550.569, 36.5496, -595.29]]
}

entity{
  _template:t="custom_game_object"
  custom_game_object__name:t="indoor_floor_weapons"
  transform:m=[[0.916204, 0, -0.400713] [0, 1, 0] [0.400713, -0, 0.916204] [628.421, 34.219, -707.34]]
}

entity{
  _template:t="custom_game_object"
  custom_game_object__name:t="indoor_floor_weapons"
  transform:m=[[0.521833, 0, -0.853048] [0, 1, 0] [0.853048, -0, 0.521833] [643.685, 33.7754, -719.949]]
}

entity{
  _template:t="custom_game_object"
  custom_game_object__name:t="indoor_floor_weapons"
  transform:m=[[-0.997994, 0, 0.0633067] [0, 1, 0] [-0.0633067, 0, -0.997994] [621.75, 33.7537, -756.22]]
}

entity{
  _template:t="custom_game_object"
  custom_game_object__name:t="indoor_floor_weapons"
  transform:m=[[0.880865, 0, 0.473367] [0, 1, -0] [-0.473367, 0, 0.880865] [591.393, 34.9304, -780.074]]
}

entity{
  _template:t="custom_game_object"
  custom_game_object__name:t="indoor_floor_weapons"
  transform:m=[[0.212939, 0, 0.977066] [0, 1, -0] [-0.977066, 0, 0.212939] [575.038, 33.4057, -827.339]]
}

entity{
  _template:t="custom_game_object"
  custom_game_object__name:t="indoor_floor_weapons"
  transform:m=[[-0.977622, 0, -0.210369] [0, 1, 0] [0.210369, 0, -0.977622] [651.156, 32.9394, -861.438]]
}

entity{
  _template:t="custom_game_object"
  custom_game_object__name:t="indoor_floor_weapons"
  transform:m=[[-0.387305, 0, -0.921952] [0, 1, 0] [0.921952, 0, -0.387305] [571.543, 35.6453, -709.493]]
}

entity{
  _template:t="custom_game_object"
  custom_game_object__name:t="indoor_floor_weapons"
  transform:m=[[-0.387305, 0, -0.921952] [0, 1, 0] [0.921952, 0, -0.387305] [570.222, 35.6453, -713.479]]
}

entity{
  _template:t="custom_game_object"
  custom_game_object__name:t="indoor_floor_weapons"
  transform:m=[[-0.387305, 0, -0.921952] [0, 1, 0] [0.921952, 0, -0.387305] [586.818, 32.1621, -722.814]]
}

entity{
  _template:t="custom_game_object"
  custom_game_object__name:t="indoor_floor_weapons"
  transform:m=[[0.141944, 0, -0.989875] [0, 1, 0] [0.989875, -0, 0.141944] [588.533, 32.1621, -720.224]]
}

entity{
  _template:t="custom_game_object"
  custom_game_object__name:t="indoor_floor_weapons"
  transform:m=[[0.914837, 0, -0.403824] [0, 1, 0] [0.403824, -0, 0.914837] [591.115, 32.1621, -714.61]]
}

entity{
  _template:t="custom_game_object"
  custom_game_object__name:t="indoor_floor_weapons"
  transform:m=[[-0.394188, 0, -0.91903] [0, 1, 0] [0.91903, 0, -0.394188] [596.89, 32.1621, -719.073]]
}

entity{
  _template:t="custom_game_object"
  custom_game_object__name:t="indoor_floor_weapons"
  transform:m=[[-0.394188, 0, -0.91903] [0, 1, 0] [0.91903, 0, -0.394188] [595.857, 32.1621, -722.127]]
}

entity{
  _template:t="custom_game_object"
  custom_game_object__name:t="indoor_floor_weapons"
  transform:m=[[-0.999997, 0, -0.00241774] [0, 1, 0] [0.00241774, 0, -0.999997] [496.528, 35.0162, -667.996]]
}

entity{
  _template:t="custom_game_object"
  custom_game_object__name:t="indoor_floor_weapons"
  transform:m=[[-0.968663, 0, -0.248381] [0, 1, 0] [0.248381, 0, -0.968663] [499.308, 35.0162, -667.776]]
}

entity{
  _template:t="custom_game_object"
  custom_game_object__name:t="indoor_floor_weapons"
  transform:m=[[0.699142, 0, 0.714983] [0, 1, -0] [-0.714983, 0, 0.699142] [497.292, 35.0162, -662.94]]
}

entity{
  _template:t="custom_game_object"
  custom_game_object__name:t="indoor_floor_weapons"
  transform:m=[[0.888226, 0, -0.459407] [0, 1, 0] [0.459407, -0, 0.888226] [482.943, 35.0162, -675.892]]
}

entity{
  _template:t="custom_game_object"
  custom_game_object__name:t="indoor_floor_weapons"
  transform:m=[[-0.641956, 0, -0.766741] [0, 1, 0] [0.766741, 0, -0.641956] [485.356, 35.0162, -683.161]]
}

entity{
  _template:t="custom_game_object"
  custom_game_object__name:t="indoor_floor_weapons"
  transform:m=[[-0.301606, 0, 0.953433] [0, 1, 0] [-0.953433, 0, -0.301606] [377.326, 34.0732, -865.099]]
}

entity{
  _template:t="custom_game_object"
  custom_game_object__name:t="indoor_floor_weapons"
  transform:m=[[0.970425, 0, -0.241401] [0, 1, 0] [0.241401, -0, 0.970426] [379.647, 34.0732, -862.865]]
}

entity{
  _template:t="custom_game_object"
  custom_game_object__name:t="indoor_floor_weapons"
  transform:m=[[-0.271897, 0, -0.962326] [0, 1, 0] [0.962326, 0, -0.271897] [393.004, 34.0732, -868.983]]
}

entity{
  _template:t="custom_game_object"
  custom_game_object__name:t="indoor_floor_weapons"
  transform:m=[[0.819504, 0, -0.573074] [0, 1, 0] [0.573074, -0, 0.819504] [385.054, 34.0732, -878.063]]
}

entity{
  _template:t="custom_game_object"
  custom_game_object__name:t="indoor_floor_weapons"
  transform:m=[[0.256045, 0, 0.966665] [-0, 1, 0] [-0.966665, -0, 0.256045] [370.438, 34.0732, -883.377]]
}

entity{
  _template:t="custom_game_object"
  custom_game_object__name:t="indoor_floor_weapons"
  transform:m=[[-0.259844, 0, -0.965651] [0, 1, 0] [0.965651, 0, -0.259844] [386.242, 34.0732, -894.023]]
}

entity{
  _template:t="custom_game_object"
  custom_game_object__name:t="indoor_floor_weapons"
  transform:m=[[0.292913, 0, 0.956139] [-0, 1, 0] [-0.95614, -0, 0.292913] [371.784, 37.8614, -890.034]]
}

entity{
  _template:t="custom_game_object"
  custom_game_object__name:t="indoor_floor_weapons"
  transform:m=[[0.820079, 0, 0.57225] [0, 1, -0] [-0.572251, 0, 0.820079] [374.43, 37.8614, -884.225]]
}

entity{
  _template:t="custom_game_object"
  custom_game_object__name:t="indoor_floor_weapons"
  transform:m=[[-0.237125, 0, 0.971479] [0, 1, 0] [-0.97148, 0, -0.237125] [375.503, 37.8614, -870.517]]
}

entity{
  _template:t="custom_game_object"
  custom_game_object__name:t="indoor_floor_weapons"
  transform:m=[[0.990516, 0, 0.137397] [0, 1, -0] [-0.137397, 0, 0.990517] [376.816, 37.8614, -862.967]]
}

entity{
  _template:t="custom_game_object"
  custom_game_object__name:t="indoor_floor_weapons"
  transform:m=[[-0.134232, 0, 0.99095] [0, 1, 0] [-0.990951, 0, -0.134232] [377.605, 41.6773, -870.734]]
}

entity{
  _template:t="custom_game_object"
  custom_game_object__name:t="indoor_floor_weapons"
  transform:m=[[0.0298959, 0, -0.999553] [-0, 1, 0] [0.999554, 0, 0.0298959] [384.409, 41.6773, -880.978]]
}

entity{
  _template:t="custom_game_object"
  custom_game_object__name:t="indoor_floor_weapons"
  transform:m=[[-0.931581, 0, 0.363534] [0, 1, 0] [-0.363535, 0, -0.931581] [372.681, 41.6773, -884.581]]
}

entity{
  _template:t="custom_game_object"
  custom_game_object__name:t="indoor_floor_weapons"
  transform:m=[[-0.95778, 0, 0.287502] [0, 1, 0] [-0.287502, 0, -0.957781] [383.973, 41.6773, -896.535]]
}

entity{
  _template:t="custom_game_object"
  custom_game_object__name:t="indoor_floor_weapons"
  transform:m=[[0.737955, 0, 0.67485] [0, 1, -0] [-0.67485, 0, 0.737956] [494.308, 33.5785, -970.878]]
}

entity{
  _template:t="custom_game_object"
  custom_game_object__name:t="indoor_floor_weapons"
  transform:m=[[-0.536623, 0, -0.843822] [0, 1, 0] [0.843822, 0, -0.536623] [499.512, 33.5785, -973.99]]
}

entity{
  _template:t="custom_game_object"
  custom_game_object__name:t="indoor_floor_weapons"
  transform:m=[[-0.845812, 0, 0.533481] [0, 1, 0] [-0.533481, 0, -0.845812] [493.867, 33.5785, -963.986]]
}

entity{
  _template:t="custom_game_object"
  custom_game_object__name:t="indoor_floor_weapons"
  transform:m=[[-0.845812, 0, 0.533481] [0, 1, 0] [-0.533481, 0, -0.845812] [490.918, 33.5785, -962.083]]
}

entity{
  _template:t="custom_game_object"
  custom_game_object__name:t="indoor_floor_weapons"
  transform:m=[[0.214179, 0, 0.976795] [0, 1, -0] [-0.976795, 0, 0.214179] [491.078, 33.5785, -956.82]]
}

entity{
  _template:t="custom_game_object"
  custom_game_object__name:t="indoor_floor_weapons"
  transform:m=[[-0.822745, 0, 0.568411] [0, 1, 0] [-0.568411, 0, -0.822745] [494.093, 37.8578, -963.569]]
}

entity{
  _template:t="custom_game_object"
  custom_game_object__name:t="indoor_floor_weapons"
  transform:m=[[-0.624, 0, 0.781425] [0, 1, 0] [-0.781425, 0, -0.624] [490.987, 37.8578, -961.125]]
}

entity{
  _template:t="custom_game_object"
  custom_game_object__name:t="indoor_floor_weapons"
  transform:m=[[0.921056, 0, -0.38943] [0, 1, 0] [0.389431, -0, 0.921056] [493.513, 37.8578, -958.032]]
}

entity{
  _template:t="custom_game_object"
  custom_game_object__name:t="indoor_floor_weapons"
  transform:m=[[0.858756, 0, -0.512386] [0, 1, 0] [0.512386, -0, 0.858756] [496.159, 37.8578, -960.141]]
}

entity{
  _template:t="custom_game_object"
  custom_game_object__name:t="indoor_floor_weapons"
  transform:m=[[0.988672, 0, -0.150092] [0, 1, 0] [0.150092, -0, 0.988672] [126.975, 13.9808, -1269.98]]
}

entity{
  _template:t="custom_game_object"
  custom_game_object__name:t="indoor_floor_weapons"
  transform:m=[[0.0537842, 0, 0.998553] [-0, 1, 0] [-0.998553, -0, 0.0537842] [121.209, 13.9808, -1278.39]]
}

entity{
  _template:t="custom_game_object"
  custom_game_object__name:t="indoor_floor_weapons"
  transform:m=[[0.0537842, 0, 0.998553] [-0, 1, 0] [-0.998553, -0, 0.0537842] [118.513, 13.9808, -1283.09]]
}

entity{
  _template:t="custom_game_object"
  custom_game_object__name:t="indoor_floor_weapons"
  transform:m=[[-0.0993534, 0, -0.995052] [0, 1, 0] [0.995053, 0, -0.0993534] [124.061, 9.3, -1281.82]]
}

entity{
  _template:t="custom_game_object"
  custom_game_object__name:t="indoor_floor_weapons"
  transform:m=[[0.0121989, 0, 0.999926] [0, 1, -0] [-0.999926, 0, 0.0121989] [119.42, 9.3, -1272.91]]
}

entity{
  _template:t="custom_game_object"
  custom_game_object__name:t="indoor_floor_weapons"
  transform:m=[[-0.0505172, 0, -0.998723] [0, 1, 0] [0.998724, 0, -0.0505172] [126.308, 9.3, -1270.38]]
}

entity{
  _template:t="custom_game_object"
  custom_game_object__name:t="indoor_floor_weapons"
  transform:m=[[-0.0505172, 0, -0.998723] [0, 1, 0] [0.998724, 0, -0.0505172] [132.859, 9.3, -1281.34]]
}

entity{
  _template:t="custom_game_object"
  custom_game_object__name:t="indoor_floor_weapons"
  transform:m=[[0.881536, 0, -0.472117] [0, 1, 0] [0.472117, -0, 0.881536] [426.683, 39.195, -1599.23]]
}

entity{
  _template:t="custom_game_object"
  custom_game_object__name:t="indoor_floor_weapons"
  transform:m=[[0.974557, 0, -0.224142] [0, 1, 0] [0.224142, -0, 0.974557] [428.899, 39.195, -1600.28]]
}

entity{
  _template:t="custom_game_object"
  custom_game_object__name:t="indoor_floor_weapons"
  transform:m=[[0.56938, 0, 0.822075] [0, 1, -0] [-0.822075, 0, 0.56938] [449.649, 33.0351, -1605]]
}

entity{
  _template:t="custom_game_object"
  custom_game_object__name:t="indoor_floor_weapons"
  transform:m=[[0.868465, 0, 0.49575] [0, 1, -0] [-0.49575, 0, 0.868465] [447.217, 33.0351, -1608.91]]
}

entity{
  _template:t="custom_game_object"
  custom_game_object__name:t="indoor_floor_weapons"
  transform:m=[[0.329656, 0, 0.944102] [0, 1, -0] [-0.944102, 0, 0.329656] [412.388, 64.9737, -1591.88]]
}

entity{
  _template:t="custom_game_object"
  custom_game_object__name:t="indoor_floor_weapons"
  transform:m=[[0.329656, 0, 0.944102] [0, 1, -0] [-0.944102, 0, 0.329656] [411.656, 64.9737, -1593.56]]
}
