entity{
  _template:t="custom_game_object"
  transform:m=[[1, 0, 0] [0, 1, 0] [0, 0, 1] [98.9919, 4.40895, -1313.78]]
  custom_game_object__name:t="turned_patrol"
}

entity{
  _template:t="custom_game_object"
  transform:m=[[1, 0, 0] [0, 1, 0] [0, 0, 1] [49.5676, 8.27407, -1083.21]]
  custom_game_object__name:t="turned_patrol"
}

entity{
  _template:t="custom_game_object"
  transform:m=[[1, 0, 0] [0, 1, 0] [0, 0, 1] [171.949, 33.9406, -839.365]]
  custom_game_object__name:t="turned_patrol"
}

entity{
  _template:t="custom_game_object"
  transform:m=[[1, 0, 0] [0, 1, 0] [0, 0, 1] [446.995, 29.8081, -878.49]]
  custom_game_object__name:t="turned_patrol"
}

entity{
  _template:t="custom_game_object"
  transform:m=[[1, 0, 0] [0, 1, 0] [0, 0, 1] [362.789, 35.8579, -687.967]]
  custom_game_object__name:t="turned_patrol"
}

entity{
  _template:t="custom_game_object"
  transform:m=[[1, 0, 0] [0, 1, 0] [0, 0, 1] [497.104, 42.9253, -426.328]]
  custom_game_object__name:t="turned_patrol"
}

entity{
  _template:t="custom_game_object"
  transform:m=[[1, 0, 0] [0, 1, 0] [0, 0, 1] [503.057, 32.8938, -923.836]]
  custom_game_object__name:t="turned_patrol"
}

entity{
  _template:t="custom_game_object"
  transform:m=[[1, 0, 0] [0, 1, 0] [0, 0, 1] [618.678, 32.1029, -998.333]]
  custom_game_object__name:t="turned_patrol"
}

entity{
  _template:t="custom_game_object"
  transform:m=[[1, 0, 0] [0, 1, 0] [0, 0, 1] [629.741, 40.7807, -1108.36]]
  custom_game_object__name:t="turned_patrol"
}

entity{
  _template:t="custom_game_object"
  transform:m=[[1, 0, 0] [0, 1, 0] [0, 0, 1] [563.064, 42.8106, -1335.51]]
  custom_game_object__name:t="turned_patrol"
}

entity{
  _template:t="custom_game_object"
  transform:m=[[1, 0, 0] [0, 1, 0] [0, 0, 1] [425.918, 29.118, -1121.36]]
  custom_game_object__name:t="turned_patrol"
}

entity{
  _template:t="custom_game_object"
  transform:m=[[1, 0, 0] [0, 1, 0] [0, 0, 1] [948.661, 52.9956, -1166.57]]
  custom_game_object__name:t="turned_patrol"
}

entity{
  _template:t="custom_game_object"
  transform:m=[[1, 0, 0] [0, 1, 0] [0, 0, 1] [556.487, 32.9739, -956.827]]
  custom_game_object__name:t="turned_patrol"
}

entity{
  _template:t="custom_game_object"
  transform:m=[[1, 0, 0] [0, 1, 0] [0, 0, 1] [480.867, 27.8572, -1232.78]]
  custom_game_object__name:t="turned_patrol"
}

entity{
  _template:t="custom_game_object"
  transform:m=[[1, 0, 0] [0, 1, 0] [0, 0, 1] [780.385, 52.4016, -1237.11]]
  custom_game_object__name:t="turned_patrol"
}

entity{
  _template:t="custom_game_object"
  transform:m=[[1, 0, 0] [0, 1, 0] [0, 0, 1] [702.817, 36.6728, -771.698]]
  custom_game_object__name:t="turned_patrol"
}

entity{
  _template:t="custom_game_object"
  transform:m=[[1, 0, 0] [0, 1, 0] [0, 0, 1] [259.998, 26.1968, -1356.6]]
  custom_game_object__name:t="turned_patrol"
}

entity{
  _template:t="custom_game_object"
  transform:m=[[1, 0, 0] [0, 1, 0] [0, 0, 1] [140.988, 9.13361, -1151.03]]
  custom_game_object__name:t="turned_patrol"
}

entity{
  _template:t="custom_game_object"
  transform:m=[[1, 0, 0] [0, 1, 0] [0, 0, 1] [514.025, 34.5032, -702.484]]
  custom_game_object__name:t="turned_patrol"
}

entity{
  _template:t="custom_game_object"
  transform:m=[[1, 0, 0] [0, 1, 0] [0, 0, 1] [625.447, 32.6594, -878.127]]
  custom_game_object__name:t="turned_patrol"
}

entity{
  _template:t="custom_game_object"
  transform:m=[[1, 0, 0] [0, 1, 0] [0, 0, 1] [322.376, 27.8211, -903.805]]
  custom_game_object__name:t="turned_patrol"
}

entity{
  _template:t="custom_game_object"
  transform:m=[[1, 0, 0] [0, 1, 0] [0, 0, 1] [463.903, 33.4162, -1462.31]]
  custom_game_object__name:t="turned_patrol"
}

entity{
  _template:t="custom_game_object"
  transform:m=[[1, 0, 0] [0, 1, 0] [0, 0, 1] [683.903, 38.0513, -1412.98]]
  custom_game_object__name:t="turned_patrol"
}

entity{
  _template:t="custom_game_object"
  transform:m=[[1, 0, 0] [0, 1, 0] [0, 0, 1] [690.061, 32.7626, -826.772]]
  custom_game_object__name:t="turned_patrol"
}

entity{
  _template:t="custom_game_object"
  transform:m=[[1, 0, 0] [0, 1, 0] [0, 0, 1] [185.134, 12.3815, -1244.92]]
  custom_game_object__name:t="worm_nest"
}

entity{
  _template:t="custom_game_object"
  transform:m=[[1, 0, 0] [0, 1, 0] [0, 0, 1] [152.626, 27.0518, -1457.84]]
  custom_game_object__name:t="worm_nest"
}

entity{
  _template:t="custom_game_object"
  transform:m=[[1, 0, 0] [0, 1, 0] [0, 0, 1] [278.652, 41.8495, -1073.67]]
  custom_game_object__name:t="worm_nest"
}

entity{
  _template:t="custom_game_object"
  transform:m=[[1, 0, 0] [0, 1, 0] [0, 0, 1] [266.519, 42.2273, -1058.89]]
  custom_game_object__name:t="worm_nest"
}

entity{
  _template:t="custom_game_object"
  transform:m=[[1, 0, 0] [0, 1, 0] [0, 0, 1] [246.4, 42.2463, -1072.74]]
  custom_game_object__name:t="worm_nest"
}

entity{
  _template:t="custom_game_object"
  transform:m=[[1, 0, 0] [0, 1, 0] [0, 0, 1] [261.452, 60.3058, -1083.59]]
  custom_game_object__name:t="worm_nest"
}

entity{
  _template:t="custom_game_object"
  transform:m=[[1, 0, 0] [0, 1, 0] [0, 0, 1] [471.491, 36.9961, -1058.15]]
  custom_game_object__name:t="worm_nest"
}

entity{
  _template:t="custom_game_object"
  transform:m=[[1, 0, 0] [0, 1, 0] [0, 0, 1] [554.406, 38.3656, -978.286]]
  custom_game_object__name:t="worm_nest"
}

entity{
  _template:t="custom_game_object"
  transform:m=[[1, 0, 0] [0, 1, 0] [0, 0, 1] [394.932, 35.2754, -884.286]]
  custom_game_object__name:t="worm_nest"
}

entity{
  _template:t="custom_game_object"
  transform:m=[[1, 0, 0] [0, 1, 0] [0, 0, 1] [602.065, 41.6107, -869.943]]
  custom_game_object__name:t="worm_nest"
}

entity{
  _template:t="custom_game_object"
  transform:m=[[1, 0, 0] [0, 1, 0] [0, 0, 1] [590.661, 46.4889, -722.22]]
  custom_game_object__name:t="worm_nest"
}

entity{
  _template:t="custom_game_object"
  transform:m=[[1, 0, 0] [0, 1, 0] [0, 0, 1] [314.462, 35.5544, -860.282]]
  custom_game_object__name:t="worm_nest"
}

entity{
  _template:t="custom_game_object"
  transform:m=[[1, 0, 0] [0, 1, 0] [0, 0, 1] [122.729, 10.7211, -1200.88]]
  custom_game_object__name:t="worm_nest"
}

entity{
  _template:t="custom_game_object"
  transform:m=[[1, 0, 0] [0, 1, 0] [0, 0, 1] [291.322, 31.7052, -1429.24]]
  custom_game_object__name:t="worm_nest"
}

entity{
  _template:t="custom_game_object"
  transform:m=[[1, 0, 0] [0, 1, 0] [0, 0, 1] [534.002, 36.9042, -1097.41]]
  custom_game_object__name:t="worm_nest"
}

entity{
  _template:t="custom_game_object"
  transform:m=[[1, 0, 0] [0, 1, 0] [0, 0, 1] [580.786, 42.552, -658.648]]
  custom_game_object__name:t="worm_nest"
}

entity{
  _template:t="custom_game_object"
  transform:m=[[1, 0, 0] [0, 1, 0] [0, 0, 1] [656.285, 38.8264, -895.714]]
  custom_game_object__name:t="worm_nest"
}

entity{
  _template:t="custom_game_object"
  transform:m=[[0.466847, 0, -0.884338] [0, 1, 0] [0.884338, -0, 0.466847] [-88.3594, 13.3057, -942.962]]
  custom_game_object__name:t="car_buggy"
}

entity{
  _template:t="custom_game_object"
  transform:m=[[0.0726508, 0, -0.997357] [0, 1, 0] [0.997358, -0, 0.0726508] [77.0868, 5.66419, -1377.95]]
  custom_game_object__name:t="car_buggy"
}

entity{
  _template:t="custom_game_object"
  transform:m=[[0.381739, 0, 0.92427] [0, 1, -0] [-0.92427, 0, 0.381739] [266.837, 27.6016, -1568.4]]
  custom_game_object__name:t="car_buggy"
}

entity{
  _template:t="custom_game_object"
  transform:m=[[-0.891851, 0, 0.452329] [0, 1, 0] [-0.452329, 0, -0.891851] [451.187, 39.042, -1577.98]]
  custom_game_object__name:t="car_buggy"
}

entity{
  _template:t="custom_game_object"
  transform:m=[[-0.274151, 0, -0.961687] [0, 1, 0] [0.961687, 0, -0.274151] [428.132, 41.1266, -475.094]]
  custom_game_object__name:t="car_buggy"
}

entity{
  _template:t="custom_game_object"
  transform:m=[[-0.76594, 0, -0.642912] [0, 1, 0] [0.642912, 0, -0.76594] [723.152, 35.3946, -592.233]]
  custom_game_object__name:t="car_buggy"
}

entity{
  _template:t="custom_game_object"
  transform:m=[[-0.769145, 0, -0.639075] [0, 1, 0] [0.639075, 0, -0.769145] [869.925, 36.4251, -954.265]]
  custom_game_object__name:t="car_buggy"
}

entity{
  _template:t="custom_game_object"
  transform:m=[[-0.226099, 0, 0.974104] [0, 1, 0] [-0.974104, 0, -0.226099] [1020.41, 52.9956, -1029.24]]
  custom_game_object__name:t="car_buggy"
}

entity{
  _template:t="custom_game_object"
  transform:m=[[0.950931, 0, -0.309402] [0, 1, 0] [0.309402, -0, 0.950931] [411.135, 30.8858, -785.146]]
  custom_game_object__name:t="car_buggy"
}

entity{
  _template:t="custom_game_object"
  transform:m=[[-0.417762, 0, 0.908557] [0, 1, 0] [-0.908557, 0, -0.417762] [93.6083, 6.77304, -1162.72]]
  custom_game_object__name:t="car_truck"
}

entity{
  _template:t="custom_game_object"
  transform:m=[[0.583448, 0, 0.812151] [0, 1, -0] [-0.812151, 0, 0.583448] [112.609, 19.9248, -1577.35]]
  custom_game_object__name:t="car_truck"
}

entity{
  _template:t="custom_game_object"
  transform:m=[[0.950994, 0, -0.30921] [0, 1, 0] [0.30921, -0, 0.950994] [399.59, 26.4093, -1325.99]]
  custom_game_object__name:t="car_truck"
}

entity{
  _template:t="custom_game_object"
  transform:m=[[0.930025, 0, -0.367496] [0, 1, 0] [0.367496, -0, 0.930025] [167.946, 23.6827, -990.133]]
  custom_game_object__name:t="car_truck"
}

entity{
  _template:t="custom_game_object"
  transform:m=[[-0.335864, 0, -0.94191] [0, 1, 0] [0.94191, 0, -0.335864] [258.615, 38.7064, -601.24]]
  custom_game_object__name:t="car_truck"
}

entity{
  _template:t="custom_game_object"
  transform:m=[[-0.191122, 0, -0.981566] [0, 1, 0] [0.981566, 0, -0.191122] [581.19, 36.0098, -561.641]]
  custom_game_object__name:t="car_truck"
}

entity{
  _template:t="custom_game_object"
  transform:m=[[-0.341483, 0, -0.939888] [0, 1, 0] [0.939888, 0, -0.341483] [911.526, 35.7442, -791.049]]
  custom_game_object__name:t="car_truck"
}

entity{
  _template:t="custom_game_object"
  transform:m=[[-0.513361, 0, -0.858173] [0, 1, 0] [0.858173, 0, -0.513361] [702.086, 42.1588, -1170.98]]
  custom_game_object__name:t="car_truck"
}

entity{
  _template:t="custom_game_object"
  transform:m=[[-0.768128, 0, -0.640296] [0, 1, 0] [0.640296, 0, -0.768128] [111.775, 37.2354, -697.496]]
  custom_game_object__name:t="car_truck"
}

entity{
  _template:t="custom_game_object"
  custom_game_object__name:t="monster_conversion"
  transform:m=[[1, 0, 0] [0, 1, 0] [0, 0, 1] [538.058, 46.2467, -1391.26]]
}

entity{
  _template:t="custom_game_object"
  custom_game_object__name:t="monster_conversion"
  transform:m=[[1, 0, 0] [0, 1, 0] [0, 0, 1] [564.738, 35.2061, -795.402]]
}

entity{
  _template:t="custom_game_object"
  custom_game_object__name:t="monster_conversion"
  transform:m=[[1, 0, 0] [0, 1, 0] [0, 0, 1] [129.58, 23.6554, -1016.17]]
}

entity{
  _template:t="custom_game_object"
  custom_game_object__name:t="monster_conversion"
  transform:m=[[1, 0, 0] [0, 1, 0] [0, 0, 1] [611.938, 32.27, -967.975]]
}

entity{
  _template:t="custom_game_object"
  custom_game_object__name:t="monster_conversion"
  transform:m=[[1, 0, 0] [0, 1, 0] [0, 0, 1] [489.922, 30.0175, -1163.79]]
}

entity{
  _template:t="custom_game_object"
  custom_game_object__name:t="monster_conversion"
  transform:m=[[1, 0, 0] [0, 1, 0] [0, 0, 1] [425.909, 31.4501, -1007.82]]
}

entity{
  _template:t="custom_game_object"
  custom_game_object__name:t="monster_conversion"
  transform:m=[[1, 0, 0] [0, 1, 0] [0, 0, 1] [169.279, 4.4402, -1282.73]]
}

entity{
  _template:t="custom_game_object"
  custom_game_object__name:t="monster_conversion"
  transform:m=[[1, 0, 0] [0, 1, 0] [0, 0, 1] [583.67, 33.2132, -880.013]]
}

entity{
  _template:t="custom_game_object"
  custom_game_object__name:t="monster_conversion"
  transform:m=[[1, 0, 0] [0, 1, 0] [0, 0, 1] [621.15, 39.9045, -1154.06]]
}
