entity{
  transform:m=[[1, 0, 0] [0, 1, 0] [0, 0, 1] [1817.34, -3.0367, -881.836]]
  negative_position_mapping__radius:r=25
  _template:t="negative_navigation_position_mapping"
}

entity{
  transform:m=[[1, 0, 0] [0, 1, 0] [0, 0, 1] [1797.15, 10.112, -885.188]]
  negative_position_mapping__radius:r=18
  _template:t="negative_navigation_position_mapping"
}

entity{
  transform:m=[[0.975254, -0.027327, 0.219394] [0.0475638, 0.995029, -0.0874942] [-0.215912, 0.0957642, 0.971705] [1736.51, 10.0829, -883.616]]
  negative_position_mapping__radius:r=50
  _template:t="negative_navigation_position_mapping"
}

entity{
  transform:m=[[0.834711, 0, -0.550688] [0, 1, 0] [0.550688, -0, 0.834711] [1838.19, -33.9629, -799.181]]
  negative_position_mapping__radius:r=75
  _template:t="negative_navigation_position_mapping"
}

entity{
  transform:m=[[-0.137517, 0, -0.990499] [0, 1, 0] [0.990499, 0, -0.137517] [814.976, 38.1911, -611.833]]
  negative_position_mapping__radius:r=30
  _template:t="negative_navigation_position_mapping"
}

entity{
  transform:m=[[-0.495758, 0, 0.868461] [0, 1, 0] [-0.868461, 0, -0.495758] [1129.64, 18.2847, 3.8214]]
  negative_position_mapping__radius:r=53
  _template:t="negative_navigation_position_mapping"
}

entity{
  transform:m=[[1, 0, 0] [0, 1, 0] [0, 0, 1] [1098.11, 55.5418, 38.7335]]
  negative_position_mapping__radius:r=28
  _template:t="negative_navigation_position_mapping"
}

entity{
  transform:m=[[-0.76822, 0, 0.640185] [0, 1, 0] [-0.640185, 0, -0.76822] [1093.1, 64.1065, -43.8996]]
  negative_position_mapping__radius:r=40
  _template:t="negative_navigation_position_mapping"
}

entity{
  transform:m=[[1, 0, 0] [0, 1, 0] [0, 0, 1] [1532.5, 31.5226, -1477.64]]
  negative_position_mapping__radius:r=30
  _template:t="negative_navigation_position_mapping"
}

entity{
  transform:m=[[0.465955, 0, -0.884809] [0, 1, 0] [0.884809, -0, 0.465955] [1496.45, 37.4464, -1455.8]]
  negative_position_mapping__radius:r=17
  _template:t="negative_navigation_position_mapping"
}

entity{
  transform:m=[[-0.157453, 0, -0.987527] [0, 1, 0] [0.987527, 0, -0.157453] [1463.88, 26.9613, -1461.68]]
  negative_position_mapping__radius:r=20
  _template:t="negative_navigation_position_mapping"
}

entity{
  transform:m=[[0.788683, -0, 0.6148] [0, 1, 0] [-0.6148, 0, 0.788683] [1483.08, -48.2844, -1507.71]]
  negative_position_mapping__radius:r=90
  _template:t="negative_navigation_position_mapping"
}

entity{
  transform:m=[[0.834136, -0, 0.551559] [0, 1, 0] [-0.551559, 0, 0.834136] [639.773, 9.88225, -1139.17]]
  negative_position_mapping__radius:r=50
  _template:t="negative_navigation_position_mapping"
}

entity{
  transform:m=[[-0.9986, 0, 0.052894] [0, 1, 0] [-0.052894, 0, -0.9986] [677.298, -59.7105, -1217.08]]
  negative_position_mapping__radius:r=80
  _template:t="negative_navigation_position_mapping"
}

entity{
  transform:m=[[-0.109355, 0, -0.994003] [0, 1, 0] [0.994003, 0, -0.109355] [346.132, 68.7932, -183.079]]
  negative_position_mapping__radius:r=42
  _template:t="negative_navigation_position_mapping"
}

entity{
  transform:m=[[1, 0, 0] [0, 1, 0] [0, 0, 1] [371.862, 103.521, -237.168]]
  negative_position_mapping__radius:r=40
  _template:t="negative_navigation_position_mapping"
}

entity{
  transform:m=[[0.0969772, -0, 0.995287] [0, 1, 0] [-0.995287, 0, 0.0969772] [325.752, 30.9205, -217.671]]
  negative_position_mapping__radius:r=80
  _template:t="negative_navigation_position_mapping"
}

entity{
  transform:m=[[-0.304073, 0, -0.952649] [0, 1, 0] [0.952649, 0, -0.304073] [-1672.11, -65.8995, 1066.62]]
  negative_position_mapping__radius:r=124
  _template:t="negative_navigation_position_mapping"
}

entity{
  transform:m=[[-0.399286, 0, 0.916826] [0, 1, 0] [-0.916826, 0, -0.399287] [-1662.89, -85.0535, 766.265]]
  negative_position_mapping__radius:r=120
  _template:t="negative_navigation_position_mapping"
}

entity{
  transform:m=[[-0.986295, 0, 0.164992] [0, 1, 0] [-0.164992, 0, -0.986295] [-1526.08, 10.6462, 926.865]]
  negative_position_mapping__radius:r=148
  _template:t="negative_navigation_position_mapping"
}

entity{
  transform:m=[[0.790891, -0, 0.611957] [0, 1, 0] [-0.611957, 0, 0.790891] [-1522.28, 8.854, 888.132]]
  negative_position_mapping__radius:r=150
  _template:t="negative_navigation_position_mapping"
}
