base_encounter{
  _use:t="replicating"
  interesting_encounter__ignoreScale:b=yes
  transform:m=[[1, 0, 0] [0, 1, 0] [0, 0, 1] [0, 0, 0]]
  interesting_encounter__currentLayer:i=-1
  interesting_encounter__itemsLeft:i=0
  interesting_encounter__wipItemTemplate:t="report_to_encounter"
  interesting_encounter__creationFinished:b=no
  interesting_encounter__creationStarted:b=no
  interesting_encounter__dropRayMat:t="walkRay"
  interesting_encounter__dropRayMatId:i=-1
  interesting_encounter__dQueryQueueTemplate:t="displacement_compensation_queue"
  monster_gen__type:t=""
  _skipInitialReplication:t="interesting_encounter__creationFinished"
  _skipInitialReplication:t="interesting_encounter__itemsLeft"
  _skipInitialReplication:t="interesting_encounter__currentLayer"

  "interesting_encounter__addFromBranches:array"{}
  "interesting_encounter__blueprint:array"{}
  "interesting_encounter__dQueryEntities:list<eid>"{}
  "monster_gen__genGenEid:eid"{}
}

base_interesting_encounter{
  _use:t="base_encounter"
  map_object_marker__iconName:t="!ui/skin#question.svg"
  map_object_marker__iconCompleteName:t="!ui/skin#checkmark.svg"
  map_object_marker__tooltip:t="marker_tooltip/pointOfInterest"
  map_object_marker__complete_tooltip:t="marker_tooltip/pointOfInterest/complete"
  map_object_marker__isActive:b=yes
  map_object_marker__isComplete:b=no
  _tracked:t="map_object_marker__isActive"
  _tracked:t="map_object_marker__isComplete"
  map_object__show:b=yes
  map_object_marker__clampToBorder:b=no
  _use:t="am_triggerable_zone"
  sphere_zone__radius:r=10
  _tracked:t="base_interesting_encounter__visitorsList"
  _replicated:t="base_interesting_encounter__visitorsList"

  "humanTriggerable:tag"{}
  "base_interesting_encounter__visitorsList:list<eid>"{}
}

displacement_compensation_queue{
  interesting_encounter__dQueryIdx:i=-1
  interesting_encounter__waitForEntitiesLeft:r=20
  interesting_encounter__dQueryAttemptsLeft:i=0
  interesting_encounter__dQueryAttemptsPerItem:i=10

  "interesting_encounter__dQueryQueue:list<eid>"{}
}

report_to_encounter{
  "report_to_encounter__encounterEid:eid"{}
}

decor_rendinst{
  _use:t="rendinst"
  _use:t="replicating"
  _use:t="decor_static_grid_object"
  net__scopeDistanceSq:r=108900
}

decor_uaz_452{
  _use:t="decor_rendinst"
  ri_extra__name:t="uaz_452_abandoned_b"
}

decor_uaz_452_abandoned_c{
  _use:t="decor_rendinst"
  ri_extra__name:t="uaz_452_abandoned_c"
}

decor_zil_130{
  _use:t="decor_rendinst"
  ri_extra__name:t="zil_130"
}

decor_gzsa_3704{
  _use:t="decor_rendinst"
  ri_extra__name:t="gzsa_3704"
}

decor_liaz_677{
  _use:t="decor_rendinst"
  ri_extra__name:t="liaz_677_a_body_b"
}

decor_raf_2203{
  _use:t="decor_rendinst"
  ri_extra__name:t="raf_2203_abandoned_a"
}

decor_bmp_2m{
  _use:t="decor_rendinst"
  ri_extra__name:t="bmp_2m"
}

decor_mi_24_base{
  _use:t="decor_rendinst"
  _use:t="composit_object"
  _tracked:t="composit_holder__childrenEids"
  _replicated:t="composit_holder__childrenEids"

  "dontCreateNphysObstacle:tag"{}
  "composit_spawn__nodes:array"{
    "node:object"{
      type:t="entity"
      template:t="empty_box_obstacle"
      tm:m=[[8.5, 0, 0] [0, 4, 0] [0, 0, 2.5] [-2, 0, 0]]
    }
  }

  "composit_holder__childrenEids:list<eid>"{}
}

decor_mi_24a{
  _use:t="decor_mi_24_base"
  ri_extra__name:t="mi_24a_a"
}

decor_mi_24p{
  _use:t="decor_mi_24_base"
  ri_extra__name:t="mi_24p"
}

decor_uaz_31514{
  _use:t="decor_rendinst"
  ri_extra__name:t="uaz_31514_abandoned_b"
}

decor_uaz_31514_abandoned_a{
  _use:t="decor_rendinst"
  ri_extra__name:t="uaz_31514_abandoned_a"
}

decor_sensor{
  _use:t="decor_rendinst"
  ri_extra__name:t="outpost_props_scanner_a"
}

decor_sensor_flat{
  _use:t="decor_rendinst"
  ri_extra__name:t="outpost_props_flat_antenna"
}

decor_dead_body_changed{
  _use:t="dead_body_noninteractive"
  _use:t="changed_human_animchar_parts"
  transform:m=[[1, 0, 0] [0, 1, 0] [0, 0, 1] [0, 0, 0]]

  "animchar__physSymDependence:tag"{}
  "attaches_list:list<eid>"{}
}

decor_sandbag_wall_med{
  _use:t="decor_rendinst"
  ri_extra__name:t="sandbags_wall_medium_l8000_a"
}

decor_sandbag_wall_med_l{
  _use:t="decor_rendinst"
  ri_extra__name:t="sandbags_wall_medium_l1000_side_l"
}

decor_sandbag_wall_med_r{
  _use:t="decor_rendinst"
  ri_extra__name:t="sandbags_wall_medium_l1000_side_r"
}

decor_sandbag_wall_med_round{
  _use:t="decor_rendinst"
  ri_extra__name:t="sandbags_wall_medium_rounded_a"
}

decor_port_container{
  _use:t="decor_rendinst"
  ri_extra__name:t="sovind_port_container_a_a_base"
}

decor_port_container_door_l{
  _use:t="decor_rendinst"
  ri_extra__name:t="sovind_port_container_a_a_door_l"
}

decor_port_container_door_r{
  _use:t="decor_rendinst"
  ri_extra__name:t="sovind_port_container_a_a_door_r"
}

decor_body_pile{
  _use:t="animchar"
  _use:t="replicating"
  animchar__res:t="dead_bodies_pile_a_char"
  collres__res:t="dead_bodies_pile_a_collision"
  transform:m=[[1, 0, 0] [0, 1, 0] [0, 0, 1] [0, 0, 0]]

  collres{}
}

decor_barge_dmg_bow{
  _use:t="decor_rendinst"
  ri_extra__name:t="barge_a_dmg_rendinst_bow"
}

decor_barge_dmg_mid{
  _use:t="decor_rendinst"
  ri_extra__name:t="barge_a_dmg_rendinst_mid"
}

decor_barge_dmg_stern{
  _use:t="decor_rendinst"
  ri_extra__name:t="barge_a_dmg_rendinst_stern"
}

decor_barge_rust_bow{
  _use:t="decor_rendinst"
  ri_extra__name:t="barge_a_rust_rendinst_bow"
}

decor_barge_rust_cabine{
  _use:t="decor_rendinst"
  ri_extra__name:t="barge_a_rust_rendinst_cabine"
}

decor_barge_rust_crane{
  _use:t="decor_rendinst"
  ri_extra__name:t="barge_a_rust_rendinst_crane"
}

decor_barge_rust_mid{
  _use:t="decor_rendinst"
  ri_extra__name:t="barge_a_rust_rendinst_mid"
}

decor_barge_rust_stern{
  _use:t="decor_rendinst"
  ri_extra__name:t="barge_a_rust_rendinst_stern"
}

decor_pallet_a_type_a{
  _use:t="decor_rendinst"
  ri_extra__name:t="sovmod_pallet_a_type_a"
}

decor_cardboard_box_a_400_broken{
  _use:t="decor_rendinst"
  ri_extra__name:t="cardboard_box_a_400_broken"
}

decor_cardboard_box_b_600_loot{
  _use:t="decor_rendinst"
  ri_extra__name:t="cardboard_box_b_600_loot"
}

decor_sovindustrial_box_weapons_a_open_a{
  _use:t="decor_rendinst"
  ri_extra__name:t="sovindustrial_box_weapons_a_open_a"
}

decor_sovindustrial_box_weapons_c_open_c{
  _use:t="decor_rendinst"
  ri_extra__name:t="sovindustrial_box_weapons_c_open_c"
}

decor_sovindustrial_box_weapons_d_open{
  _use:t="decor_rendinst"
  ri_extra__name:t="sovindustrial_box_weapons_d_open"
}

decor_sovindustrial_box_zip_a_1000_type_a_open_loot{
  _use:t="decor_rendinst"
  ri_extra__name:t="sovindustrial_box_zip_a_1000_type_a_open_loot"
}

decor_sovindustrial_box_zip_a_1000_type_b_open_loot{
  _use:t="decor_rendinst"
  ri_extra__name:t="sovindustrial_box_zip_a_1000_type_b_open_loot"
}

decor_sovindustrial_diesel_generator_b{
  _use:t="decor_rendinst"
  ri_extra__name:t="sovindustrial_diesel_generator_b"
}

decor_matter_barrel{
  _use:t="decor_rendinst"
  ri_extra__name:t="sovmod_matter_barrel"
}

decor_rosin_door_a{
  _use:t="decor_rendinst"
  ri_extra__name:t="am_rosin_door_a"
}

decor_rosin_blob_b{
  _use:t="decor_rendinst"
  ri_extra__name:t="am_rosin_blob_b"
}

decor_rosin_wall_a{
  _use:t="decor_rendinst"
  ri_extra__name:t="am_rosin_wall_a"
}

decor_rosin_wall_b{
  _use:t="decor_rendinst"
  ri_extra__name:t="am_rosin_wall_b"
}

anomaly_encounter_flowerman_field{
  _use:t="base_encounter"
  interesting_encounter__debug:b=no

  "interesting_encounter__addFromBranches:array"{
    "item:object"{
      templ:t="anomaly_zone_flowerman_field_branch"
      radius:r=30
    }
  }
}

anomaly_encounter_flowerman_forest{
  _use:t="base_encounter"

  "interesting_encounter__addFromBranches:array"{
    "item:object"{
      templ:t="anomaly_zone_flowerman_field_branch"
      radius:r=18
    }
  }
}

anomaly_encounter_changed_spiked_small{
  _use:t="base_encounter"

  "interesting_encounter__addFromBranches:array"{
    "item:object"{
      templ:t="anomaly_zone_changed_spiked_branch"
      radius:r=20
    }
  }
}

anomaly_encounter_flowerman_indoor{
  _use:t="base_encounter"

  "interesting_encounter__addFromBranches:array"{
    "item:object"{
      templ:t="anomaly_zone_flowerman_indoor_branch"
      radius:r=22
      verticalRadius:r=4
    }
  }
}

anomaly_encounter_flowerman_fake{
  _use:t="base_encounter"

  "interesting_encounter__addFromBranches:array"{
    "item:object"{
      templ:t="anomaly_zone_flowerman_fake_branch"
      radius:r=22
      verticalRadius:r=4
    }
  }
}

anomaly_encounter_changed_indoor_small{
  _use:t="base_encounter"

  "interesting_encounter__addFromBranches:array"{
    "item:object"{
      templ:t="anomaly_zone_changed_indoor_branch"
      radius:r=15
      verticalRadius:r=3
    }
  }
}

anomaly_encounter_changed_indoor_t1_small{
  _use:t="base_encounter"

  "interesting_encounter__addFromBranches:array"{
    "item:object"{
      templ:t="anomaly_zone_changed_indoor_t1_branch"
      radius:r=15
      verticalRadius:r=3
    }
  }
}

anomaly_encounter_am_indoor{
  _use:t="base_encounter"

  "interesting_encounter__addFromBranches:array"{
    "item:object"{
      templ:t="anomaly_zone_am_indoor_branch"
      radius:r=10
      verticalRadius:r=1
    }
  }
}

anomaly_encounter_metal_heat{
  _use:t="base_encounter"

  "interesting_encounter__addFromBranches:array"{
    "item:object"{
      templ:t="anomaly_zone_metal_heat_branch"
      radius:r=10
    }
  }
}

anomaly_encounter_flowerman{
  _use:t="base_encounter"

  "interesting_encounter__addFromBranches:array"{
    "item:object"{
      templ:t="anomaly_zone_flowerman_branch"
      radius:r=28
      verticalRadius:r=5
    }
  }
}

anomaly_encounter_flowerman_small{
  _use:t="base_encounter"

  "interesting_encounter__addFromBranches:array"{
    "item:object"{
      templ:t="anomaly_zone_flowerman_branch"
      radius:r=17
      verticalRadius:r=3
    }
  }
}

anomaly_encounter_statues_cairns_indoor_small{
  _use:t="base_encounter"

  "interesting_encounter__addFromBranches:array"{
    "item:object"{
      templ:t="anomaly_zone_statues_cairns_indoor_branch"
      radius:r=15
      verticalRadius:r=3
    }
  }
}

anomaly_encounter_statues_cairns_dense_small{
  _use:t="base_encounter"

  "interesting_encounter__addFromBranches:array"{
    "item:object"{
      templ:t="anomaly_zone_statues_cairns_dense_branch"
      radius:r=15
      verticalRadius:r=3
    }
  }
}

sample_interesting_encounter{
  _use:t="base_interesting_encounter"
  interesting_encounter__debug:b=yes

  "interesting_encounter__blueprint:array"{
    "i:object"{
      templ:t="am_mindcontrolled_encounter_guard"
      transform:m=[[1, 0, 0] [0, 1, 0] [0, 0, 1] [2, 0, 2]]
      dropOnNavmesh:b=yes
    }

    "i:object"{
      templ:t="am_mindcontrolled_encounter_guard"
      transform:m=[[1, 0, 0] [0, 1, 0] [0, 0, 1] [-2, 0, 2]]
      dropOnNavmesh:b=yes
    }

    "i:object"{
      templ:t="am_mindcontrolled_encounter_guard"
      transform:m=[[1, 0, 0] [0, 1, 0] [0, 0, 1] [2, 0, -2]]
      dropOnNavmesh:b=yes
    }

    "i:object"{
      templ:t="am_mindcontrolled_encounter_guard"
      transform:m=[[1, 0, 0] [0, 1, 0] [0, 0, 1] [-2, 0, -2]]
      dropOnNavmesh:b=yes
    }

    "i:object"{
      templ:t="military_equipment_t1_lootable_rendinst"
      transform:m=[[1, 0, 0] [0, 1, 0] [0, 0, 1] [0, 0, 0]]
      dropOnCollision:b=yes
      compensateDisplacement:b=yes
    }

    "i:object"{
      templ:t="military_equipment_t2_lootable_rendinst"
      transform:m=[[1, 0, 0] [0, 1, 0] [0, 0, 1] [0.96759, 0.38614, -0.0493088]]
      dropOnCollision:b=yes
    }

    "i:object"{
      templ:t="military_equipment_t1_lootable_rendinst"
      transform:m=[[1, 0, 0] [0, 1, 0] [0, 0, 1] [1.12541, 0, 0.00847626]]
    }

    "i:object"{
      templ:t="military_close_range_weapons_t1_lootable_rendinst"
      transform:m=[[0.338545, 0.94095, 0] [-0.94095, 0.338545, 0] [0, 0, 1] [-0.740891, 0.430384, -0.172691]]
    }

    "i:object"{
      templ:t="military_long_range_weapons_t1_lootable_rendinst"
      transform:m=[[1, 0, 0] [0, 0.769051, -0.639187] [0, 0.639187, 0.769051] [0.400742, 0.0878422, -0.569176]]
      dropOnNormal:b=yes
    }

    "i:object"{
      templ:t="military_long_range_weapons_t1_lootable_rendinst"
      transform:m=[[0.588943, 0, -0.808174] [0, 1, 0] [0.808174, 0, 0.588943] [0.0340881, 0.555629, -0.0130692]]
      dropOnNormal:b=yes
      layer:i=1
    }

    "i:object"{
      templ:t="military_ammo_t1_lootable_rendinst"
      transform:m=[[0.998249, -0.0591452, 0] [0.0591452, 0.998249, 0] [0, 0, 1] [-0.19252, 1.00426, -0.184677]]
      dropOnNormal:b=yes
      layer:i=2
    }
  }
}

wandering_core_guard_waypoints{
  _use:t="navmesh_waypoints_projected"
  transform:m=[[1, 0, 0] [0, 1, 0] [0, 0, 1] [0, 0, 0]]
  navmesh_waypoints__localSpace:b=yes
  navmesh_waypoints__looped:b=yes

  "navmesh_waypoints__waypoints:list<p3>"{
    item:p3=1.11209, -1.90735e-06, 1.0061
    item:p3=4.12662, 0, 2.53894
    item:p3=5.44247, -9.53674e-07, 0.333618
    item:p3=4.01285, 0, -1.95569
    item:p3=1.3746, 1.90735e-06, -0.494995
    item:p3=-0.983643, -9.53674e-07, 2.20068
    item:p3=-3.3761, -9.53674e-07, 2.24768
    item:p3=-3.76822, 0, -0.314819
    item:p3=-2.19595, 0, -2.05212
    item:p3=-0.114227, 1.90735e-06, -0.816284
  }
}

encounter_small_changed_guard_box{
  _use:t="base_interesting_encounter"

  "interesting_encounter__blueprint:array"{
    "i:object"{
      templ:t="decor_pallet_a_type_a"
      transform:m=[[1, 0, 0] [0, 1, 0] [0, 0, 1] [-0.0210724, 0, -0.0361938]]
      dropOnNormal:b=yes
      layer:i=0
    }

    "i:object"{
      templ:t="military_long_range_weapons_t1_lootable_rendinst"
      transform:m=[[0.296334, 5.68434e-14, -0.955084] [-2.67459e-14, 1, 5.12182e-14] [0.955084, 1.03669e-14, 0.296334] [-0.259033, 0.382041, -0.0673218]]
      dropOnNormal:b=yes
      layer:i=1
    }

    "i:object"{
      templ:t="military_grenades_t1_lootable_rendinst"
      transform:m=[[-0.996139, -3.19744e-14, 0.0877935] [-3.61054e-14, 1, -4.54651e-14] [-0.0877935, -4.84594e-14, -0.996139] [0.243607, 0.436143, 0.297668]]
      dropOnNormal:b=yes
      layer:i=1
    }

    "i:object"{
      templ:t="outdoor_sleeper_changed_human+changed_human_collision+sleeping_changed_human+am_inside_body_3"
      dropOnNavmesh:b=yes
      transform:m=[[0.541327, -7.35745e-08, -0.840812] [0, 1, 0] [0.840812, 0, 0.541327] [1.71455, 0, -1.13824]]
    }

    "i:object"{
      templ:t="outdoor_sleeper_changed_human_mini+changed_human_collision+sleeping_changed_human+am_inside_body_2"
      dropOnNavmesh:b=yes
      transform:m=[[-0.983564, 3.55271e-15, 0.18056] [0, 1, 0] [-0.18056, 0, -0.983564] [-2.10684, 0, 0.893738]]
    }
  }
}

encounter_small_changed_guard_box_rare_loot{
  _use:t="base_interesting_encounter"

  "interesting_encounter__blueprint:array"{
    "i:object"{
      templ:t="decor_pallet_a_type_a"
      transform:m=[[1, 0, 0] [0, 1, 0] [0, 0, 1] [-0.0210724, 0, -0.0361938]]
      dropOnNormal:b=yes
      layer:i=0
    }

    "i:object"{
      templ:t="military_long_range_weapons_t1_lootable_rendinst"
      transform:m=[[0.296334, 5.68434e-14, -0.955084] [-2.67459e-14, 1, 5.12182e-14] [0.955084, 1.03669e-14, 0.296334] [-0.259033, 0.382041, -0.0673218]]
      dropOnNormal:b=yes
      layer:i=1
    }

    "i:object"{
      templ:t="weapon_specifications_lootable_rendinst"
      transform:m=[[-0.996139, -3.19744e-14, 0.0877935] [-3.61054e-14, 1, -4.54651e-14] [-0.0877935, -4.84594e-14, -0.996139] [0.243607, 0.436143, 0.297668]]
      dropOnNormal:b=yes
      layer:i=1
    }

    "i:object"{
      templ:t="outdoor_sleeper_changed_human+changed_human_collision+sleeping_changed_human+am_inside_body_3"
      dropOnNavmesh:b=yes
      transform:m=[[0.541327, -7.35745e-08, -0.840812] [0, 1, 0] [0.840812, 0, 0.541327] [1.71455, 0, -1.13824]]
    }

    "i:object"{
      templ:t="outdoor_sleeper_changed_human_mini+changed_human_collision+sleeping_changed_human+am_inside_body_2"
      dropOnNavmesh:b=yes
      transform:m=[[-0.983564, 3.55271e-15, 0.18056] [0, 1, 0] [-0.18056, 0, -0.983564] [-2.10684, 0, 0.893738]]
    }
  }
}

encounter_small_changed_guard_box_modern{
  _use:t="base_interesting_encounter"

  "interesting_encounter__blueprint:array"{
    "i:object"{
      templ:t="decor_pallet_a_type_a"
      transform:m=[[1, 0, 0] [0, 1, 0] [0, 0, 1] [-0.0210724, 0, -0.0361938]]
      dropOnNormal:b=yes
      layer:i=0
    }

    "i:object"{
      templ:t="modern_military_long_range_weapons_t1_lootable_rendinst"
      transform:m=[[0.296334, 5.68434e-14, -0.955084] [-2.67459e-14, 1, 5.12182e-14] [0.955084, 1.03669e-14, 0.296334] [-0.259033, 0.382041, -0.0673218]]
      dropOnNormal:b=yes
      layer:i=1
    }

    "i:object"{
      templ:t="modern_military_grenades_t1_lootable_rendinst"
      transform:m=[[-0.996139, -3.19744e-14, 0.0877935] [-3.61054e-14, 1, -4.54651e-14] [-0.0877935, -4.84594e-14, -0.996139] [0.243607, 0.436143, 0.297668]]
      dropOnNormal:b=yes
      layer:i=1
    }

    "i:object"{
      templ:t="outdoor_sleeper_changed_human+changed_human_collision+sleeping_changed_human+am_inside_body_3"
      dropOnNavmesh:b=yes
      transform:m=[[0.541327, -7.35745e-08, -0.840812] [0, 1, 0] [0.840812, 0, 0.541327] [1.71455, 0, -1.13824]]
    }

    "i:object"{
      templ:t="outdoor_sleeper_changed_human_mini+changed_human_collision+sleeping_changed_human+am_inside_body_2"
      dropOnNavmesh:b=yes
      transform:m=[[-0.983564, 3.55271e-15, 0.18056] [0, 1, 0] [-0.18056, 0, -0.983564] [-2.10684, 0, 0.893738]]
    }
  }
}

encounter_small_changed_guard_box_modern_rare_loot{
  _use:t="base_interesting_encounter"

  "interesting_encounter__blueprint:array"{
    "i:object"{
      templ:t="decor_pallet_a_type_a"
      transform:m=[[1, 0, 0] [0, 1, 0] [0, 0, 1] [-0.0210724, 0, -0.0361938]]
      dropOnNormal:b=yes
      layer:i=0
    }

    "i:object"{
      templ:t="modern_military_long_range_weapons_t1_lootable_rendinst"
      transform:m=[[0.296334, 5.68434e-14, -0.955084] [-2.67459e-14, 1, 5.12182e-14] [0.955084, 1.03669e-14, 0.296334] [-0.259033, 0.382041, -0.0673218]]
      dropOnNormal:b=yes
      layer:i=1
    }

    "i:object"{
      templ:t="weapon_specifications_lootable_rendinst"
      transform:m=[[-0.996139, -3.19744e-14, 0.0877935] [-3.61054e-14, 1, -4.54651e-14] [-0.0877935, -4.84594e-14, -0.996139] [0.243607, 0.436143, 0.297668]]
      dropOnNormal:b=yes
      layer:i=1
    }

    "i:object"{
      templ:t="outdoor_sleeper_changed_human+changed_human_collision+sleeping_changed_human+am_inside_body_3"
      dropOnNavmesh:b=yes
      transform:m=[[0.541327, -7.35745e-08, -0.840812] [0, 1, 0] [0.840812, 0, 0.541327] [1.71455, 0, -1.13824]]
    }

    "i:object"{
      templ:t="outdoor_sleeper_changed_human_mini+changed_human_collision+sleeping_changed_human+am_inside_body_2"
      dropOnNavmesh:b=yes
      transform:m=[[-0.983564, 3.55271e-15, 0.18056] [0, 1, 0] [-0.18056, 0, -0.983564] [-2.10684, 0, 0.893738]]
    }
  }
}

encounter_small_mindcontrolled_guard_box{
  _use:t="base_interesting_encounter"

  "interesting_encounter__blueprint:array"{
    "i:object"{
      templ:t="decor_pallet_a_type_a"
      transform:m=[[1, 0, 0] [0, 1, 0] [0, 0, 1] [-0.0995789, -0.150146, 0.00738525]]
      dropOnNormal:b=yes
      layer:i=0
    }

    "i:object"{
      templ:t="decor_cardboard_box_b_600_loot"
      transform:m=[[0.968696, 5.96035e-08, -0.248251] [-5.78322e-08, 1, 1.44273e-08] [0.248251, 3.81251e-10, 0.968695] [0.26442, 0.928966, 0.29108]]
      dropOnNormal:b=yes
      layer:i=1
    }

    "i:object"{
      templ:t="military_equipment_t1_lootable_rendinst"
      transform:m=[[-0.277127, -3.19744e-14, 0.960833] [-5.54224e-14, 1, 1.72927e-14] [-0.960833, -4.84594e-14, -0.277127] [0.166458, 0.289025, -0.428833]]
      dropOnNormal:b=yes
      layer:i=1
    }

    "i:object"{
      templ:t="military_long_range_weapons_t1_lootable_rendinst"
      transform:m=[[-0.0486129, 5.68434e-14, -0.998818] [-7.59129e-15, 1, 5.72802e-14] [0.998818, 1.03669e-14, -0.0486129] [-0.391144, 0.271754, 0.0116577]]
      dropOnNormal:b=yes
      layer:i=1
    }

    "i:object"{
      templ:t="am_mindcontrolled_encounter_guard"
      transform:m=[[-0.321674, 0.0152678, 0.946727] [0.00491184, 0.999883, -0.0144562] [-0.946838, 0, -0.321712] [-1.43726, 0, 1.54321]]
      dropOnNavmesh:b=yes
    }

    "i:object"{
      templ:t="am_mindcontrolled_encounter_guard"
      transform:m=[[0.910612, 0, -0.413262] [0, 1, 0] [0.413262, 0, 0.910612] [1.77835, 0, -1.35242]]
      dropOnNavmesh:b=yes
    }
  }
}

encounter_small_mindcontrolled_guard_box_rare_loot{
  _use:t="base_interesting_encounter"

  "interesting_encounter__blueprint:array"{
    "i:object"{
      templ:t="decor_pallet_a_type_a"
      transform:m=[[1, 0, 0] [0, 1, 0] [0, 0, 1] [-0.0995789, -0.150146, 0.00738525]]
      dropOnNormal:b=yes
      layer:i=0
    }

    "i:object"{
      templ:t="decor_cardboard_box_b_600_loot"
      transform:m=[[0.968696, 5.96035e-08, -0.248251] [-5.78322e-08, 1, 1.44273e-08] [0.248251, 3.81251e-10, 0.968695] [0.26442, 0.928966, 0.29108]]
      dropOnNormal:b=yes
      layer:i=1
    }

    "i:object"{
      templ:t="weapon_specifications_lootable_rendinst"
      transform:m=[[-0.277127, -3.19744e-14, 0.960833] [-5.54224e-14, 1, 1.72927e-14] [-0.960833, -4.84594e-14, -0.277127] [0.166458, 0.289025, -0.428833]]
      dropOnNormal:b=yes
      layer:i=1
    }

    "i:object"{
      templ:t="military_long_range_weapons_t1_lootable_rendinst"
      transform:m=[[-0.0486129, 5.68434e-14, -0.998818] [-7.59129e-15, 1, 5.72802e-14] [0.998818, 1.03669e-14, -0.0486129] [-0.391144, 0.271754, 0.0116577]]
      dropOnNormal:b=yes
      layer:i=1
    }

    "i:object"{
      templ:t="am_mindcontrolled_encounter_guard"
      transform:m=[[-0.321674, 0.0152678, 0.946727] [0.00491184, 0.999883, -0.0144562] [-0.946838, 0, -0.321712] [-1.43726, 0, 1.54321]]
      dropOnNavmesh:b=yes
    }

    "i:object"{
      templ:t="am_mindcontrolled_encounter_guard"
      transform:m=[[0.910612, 0, -0.413262] [0, 1, 0] [0.413262, 0, 0.910612] [1.77835, 0, -1.35242]]
      dropOnNavmesh:b=yes
    }
  }
}

encounter_small_mindcontrolled_guard_box_modern{
  _use:t="base_interesting_encounter"

  "interesting_encounter__blueprint:array"{
    "i:object"{
      templ:t="decor_pallet_a_type_a"
      transform:m=[[1, 0, 0] [0, 1, 0] [0, 0, 1] [-0.0995789, -0.150146, 0.00738525]]
      dropOnNormal:b=yes
      layer:i=0
    }

    "i:object"{
      templ:t="decor_cardboard_box_b_600_loot"
      transform:m=[[0.968696, 5.96035e-08, -0.248251] [-5.78322e-08, 1, 1.44273e-08] [0.248251, 3.81251e-10, 0.968695] [0.26442, 0.928966, 0.29108]]
      dropOnNormal:b=yes
      layer:i=1
    }

    "i:object"{
      templ:t="modern_military_equipment_t1_lootable_rendinst"
      transform:m=[[-0.277127, -3.19744e-14, 0.960833] [-5.54224e-14, 1, 1.72927e-14] [-0.960833, -4.84594e-14, -0.277127] [0.166458, 0.289025, -0.428833]]
      dropOnNormal:b=yes
      layer:i=1
    }

    "i:object"{
      templ:t="modern_military_long_range_weapons_t1_lootable_rendinst"
      transform:m=[[-0.0486129, 5.68434e-14, -0.998818] [-7.59129e-15, 1, 5.72802e-14] [0.998818, 1.03669e-14, -0.0486129] [-0.391144, 0.271754, 0.0116577]]
      dropOnNormal:b=yes
      layer:i=1
    }

    "i:object"{
      templ:t="am_modern_pmc_encounter_guard"
      transform:m=[[-0.321674, 0.0152678, 0.946727] [0.00491184, 0.999883, -0.0144562] [-0.946838, 0, -0.321712] [-1.43726, 0, 1.54321]]
      dropOnNavmesh:b=yes
    }

    "i:object"{
      templ:t="am_modern_pmc_encounter_guard"
      transform:m=[[0.910612, 0, -0.413262] [0, 1, 0] [0.413262, 0, 0.910612] [1.77835, 0, -1.35242]]
      dropOnNavmesh:b=yes
    }
  }
}

encounter_small_mindcontrolled_guard_box_modern_rare_loot{
  _use:t="base_interesting_encounter"

  "interesting_encounter__blueprint:array"{
    "i:object"{
      templ:t="decor_pallet_a_type_a"
      transform:m=[[1, 0, 0] [0, 1, 0] [0, 0, 1] [-0.0995789, -0.150146, 0.00738525]]
      dropOnNormal:b=yes
      layer:i=0
    }

    "i:object"{
      templ:t="decor_cardboard_box_b_600_loot"
      transform:m=[[0.968696, 5.96035e-08, -0.248251] [-5.78322e-08, 1, 1.44273e-08] [0.248251, 3.81251e-10, 0.968695] [0.26442, 0.928966, 0.29108]]
      dropOnNormal:b=yes
      layer:i=1
    }

    "i:object"{
      templ:t="weapon_specifications_lootable_rendinst"
      transform:m=[[-0.277127, -3.19744e-14, 0.960833] [-5.54224e-14, 1, 1.72927e-14] [-0.960833, -4.84594e-14, -0.277127] [0.166458, 0.289025, -0.428833]]
      dropOnNormal:b=yes
      layer:i=1
    }

    "i:object"{
      templ:t="modern_military_long_range_weapons_t1_lootable_rendinst"
      transform:m=[[-0.0486129, 5.68434e-14, -0.998818] [-7.59129e-15, 1, 5.72802e-14] [0.998818, 1.03669e-14, -0.0486129] [-0.391144, 0.271754, 0.0116577]]
      dropOnNormal:b=yes
      layer:i=1
    }

    "i:object"{
      templ:t="am_modern_pmc_encounter_guard"
      transform:m=[[-0.321674, 0.0152678, 0.946727] [0.00491184, 0.999883, -0.0144562] [-0.946838, 0, -0.321712] [-1.43726, 0, 1.54321]]
      dropOnNavmesh:b=yes
    }

    "i:object"{
      templ:t="am_modern_pmc_encounter_guard"
      transform:m=[[0.910612, 0, -0.413262] [0, 1, 0] [0.413262, 0, 0.910612] [1.77835, 0, -1.35242]]
      dropOnNavmesh:b=yes
    }
  }
}

encounter_small_frog_trap_box{
  _use:t="base_interesting_encounter"

  "interesting_encounter__blueprint:array"{
    "i:object"{
      templ:t="decor_cardboard_box_a_400_broken"
      transform:m=[[0.49837, 0, -0.866965] [0, 1, 0] [0.866965, 0, 0.49837] [-0.0352783, 9.53674e-07, -0.0321045]]
      dropOnNormal:b=yes
    }

    "i:object"{
      templ:t="decor_cardboard_box_b_600_loot"
      transform:m=[[0.423853, 0, 0.905731] [0, 1, 0] [-0.905731, 0, 0.423853] [0.153534, 0.0984769, 0.858063]]
      dropOnNormal:b=yes
    }

    "i:object"{
      templ:t="military_equipment_t1_lootable_rendinst"
      transform:m=[[-0.155272, -1.77636e-14, -0.987872] [4.85117e-14, 1, -2.56066e-14] [0.987872, -5.18993e-14, -0.155272] [-0.739471, 0.5, 0.424469]]
      dropOnNormal:b=yes
    }

    "i:object"{
      templ:t="military_close_range_weapons_t1_lootable_rendinst"
      transform:m=[[-0.0803436, 2.79776e-14, -0.996767] [4.98154e-14, 1, 2.4053e-14] [0.996767, -4.77219e-14, -0.0803436] [0.106506, 0.5, -0.600037]]
      dropOnNormal:b=yes
    }

    "i:object"{
      templ:t="military_close_range_weapons_t1_lootable_rendinst"
      transform:m=[[0.962232, 5.68434e-14, -0.27223] [-5.75187e-14, 1, 5.49914e-15] [0.27223, 1.03669e-14, 0.962232] [0.488022, 0.5, 0.0534973]]
      dropOnNormal:b=yes
    }

    "i:object"{
      templ:t="frog_trap"
      transform:m=[[-0.970264, -5.78322e-08, -0.24205] [-5.96046e-08, 1, 2.30926e-14] [0.24205, 1.44273e-08, -0.970264] [-1.82767, 0.05862, -0.602325]]
      dropOnNavmesh:b=yes
    }

    "i:object"{
      templ:t="frog_trap"
      transform:m=[[-0.970264, -5.78322e-08, -0.24205] [-5.96046e-08, 1, 2.30926e-14] [0.24205, 1.44273e-08, -0.970264] [-0.700195, 0.05862, -2.19211]]
      dropOnNavmesh:b=yes
    }

    "i:object"{
      templ:t="frog_trap"
      transform:m=[[-0.970264, -5.78322e-08, -0.24205] [-5.96046e-08, 1, 2.30926e-14] [0.24205, 1.44273e-08, -0.970264] [-1.55484, 0.05862, 1.48538]]
      dropOnNavmesh:b=yes
    }

    "i:object"{
      templ:t="frog_trap"
      transform:m=[[-0.970264, -5.78322e-08, -0.24205] [-5.96046e-08, 1, 2.30926e-14] [0.24205, 1.44273e-08, -0.970264] [0.38765, 0.05862, 2.16824]]
      dropOnNavmesh:b=yes
    }

    "i:object"{
      templ:t="frog_trap"
      transform:m=[[-0.970264, -5.78322e-08, -0.24205] [-5.96046e-08, 1, 2.30926e-14] [0.24205, 1.44273e-08, -0.970264] [1.85899, 0.05862, 0.966187]]
      dropOnNavmesh:b=yes
    }

    "i:object"{
      templ:t="frog_trap"
      transform:m=[[-0.970264, -5.78322e-08, -0.24205] [-5.96046e-08, 1, 2.30926e-14] [0.24205, 1.44273e-08, -0.970264] [1.70255, 0.05862, -1.22562]]
      dropOnNavmesh:b=yes
    }
  }
}

encounter_small_frog_trap_box_rare_loot{
  _use:t="base_interesting_encounter"

  "interesting_encounter__blueprint:array"{
    "i:object"{
      templ:t="decor_cardboard_box_a_400_broken"
      transform:m=[[0.49837, 0, -0.866965] [0, 1, 0] [0.866965, 0, 0.49837] [-0.0352783, 9.53674e-07, -0.0321045]]
      dropOnNormal:b=yes
    }

    "i:object"{
      templ:t="decor_cardboard_box_b_600_loot"
      transform:m=[[0.423853, 0, 0.905731] [0, 1, 0] [-0.905731, 0, 0.423853] [0.153534, 0.0984769, 0.858063]]
      dropOnNormal:b=yes
    }

    "i:object"{
      templ:t="military_equipment_t1_lootable_rendinst"
      transform:m=[[-0.155272, -1.77636e-14, -0.987872] [4.85117e-14, 1, -2.56066e-14] [0.987872, -5.18993e-14, -0.155272] [-0.739471, 0.5, 0.424469]]
      dropOnNormal:b=yes
    }

    "i:object"{
      templ:t="weapon_specifications_lootable_rendinst"
      transform:m=[[-0.0803436, 2.79776e-14, -0.996767] [4.98154e-14, 1, 2.4053e-14] [0.996767, -4.77219e-14, -0.0803436] [0.106506, 0.5, -0.600037]]
      dropOnNormal:b=yes
    }

    "i:object"{
      templ:t="military_close_range_weapons_t1_lootable_rendinst"
      transform:m=[[0.962232, 5.68434e-14, -0.27223] [-5.75187e-14, 1, 5.49914e-15] [0.27223, 1.03669e-14, 0.962232] [0.488022, 0.5, 0.0534973]]
      dropOnNormal:b=yes
    }

    "i:object"{
      templ:t="frog_trap"
      transform:m=[[-0.970264, -5.78322e-08, -0.24205] [-5.96046e-08, 1, 2.30926e-14] [0.24205, 1.44273e-08, -0.970264] [-1.82767, 0.05862, -0.602325]]
      dropOnNavmesh:b=yes
    }

    "i:object"{
      templ:t="frog_trap"
      transform:m=[[-0.970264, -5.78322e-08, -0.24205] [-5.96046e-08, 1, 2.30926e-14] [0.24205, 1.44273e-08, -0.970264] [-0.700195, 0.05862, -2.19211]]
      dropOnNavmesh:b=yes
    }

    "i:object"{
      templ:t="frog_trap"
      transform:m=[[-0.970264, -5.78322e-08, -0.24205] [-5.96046e-08, 1, 2.30926e-14] [0.24205, 1.44273e-08, -0.970264] [-1.55484, 0.05862, 1.48538]]
      dropOnNavmesh:b=yes
    }

    "i:object"{
      templ:t="frog_trap"
      transform:m=[[-0.970264, -5.78322e-08, -0.24205] [-5.96046e-08, 1, 2.30926e-14] [0.24205, 1.44273e-08, -0.970264] [0.38765, 0.05862, 2.16824]]
      dropOnNavmesh:b=yes
    }

    "i:object"{
      templ:t="frog_trap"
      transform:m=[[-0.970264, -5.78322e-08, -0.24205] [-5.96046e-08, 1, 2.30926e-14] [0.24205, 1.44273e-08, -0.970264] [1.85899, 0.05862, 0.966187]]
      dropOnNavmesh:b=yes
    }

    "i:object"{
      templ:t="frog_trap"
      transform:m=[[-0.970264, -5.78322e-08, -0.24205] [-5.96046e-08, 1, 2.30926e-14] [0.24205, 1.44273e-08, -0.970264] [1.70255, 0.05862, -1.22562]]
      dropOnNavmesh:b=yes
    }
  }
}

encounter_small_frog_trap_box_modern{
  _use:t="base_interesting_encounter"

  "interesting_encounter__blueprint:array"{
    "i:object"{
      templ:t="decor_cardboard_box_a_400_broken"
      transform:m=[[0.49837, 0, -0.866965] [0, 1, 0] [0.866965, 0, 0.49837] [-0.0352783, 9.53674e-07, -0.0321045]]
      dropOnNormal:b=yes
    }

    "i:object"{
      templ:t="decor_cardboard_box_b_600_loot"
      transform:m=[[0.423853, 0, 0.905731] [0, 1, 0] [-0.905731, 0, 0.423853] [0.153534, 0.0984769, 0.858063]]
      dropOnNormal:b=yes
    }

    "i:object"{
      templ:t="modern_military_equipment_t1_lootable_rendinst"
      transform:m=[[-0.155272, -1.77636e-14, -0.987872] [4.85117e-14, 1, -2.56066e-14] [0.987872, -5.18993e-14, -0.155272] [-0.739471, 0.5, 0.424469]]
      dropOnNormal:b=yes
    }

    "i:object"{
      templ:t="modern_military_close_range_weapons_t1_lootable_rendinst"
      transform:m=[[-0.0803436, 2.79776e-14, -0.996767] [4.98154e-14, 1, 2.4053e-14] [0.996767, -4.77219e-14, -0.0803436] [0.106506, 0.5, -0.600037]]
      dropOnNormal:b=yes
    }

    "i:object"{
      templ:t="modern_military_close_range_weapons_t1_lootable_rendinst"
      transform:m=[[0.962232, 5.68434e-14, -0.27223] [-5.75187e-14, 1, 5.49914e-15] [0.27223, 1.03669e-14, 0.962232] [0.488022, 0.5, 0.0534973]]
      dropOnNormal:b=yes
    }

    "i:object"{
      templ:t="frog_trap"
      transform:m=[[-0.970264, -5.78322e-08, -0.24205] [-5.96046e-08, 1, 2.30926e-14] [0.24205, 1.44273e-08, -0.970264] [-1.82767, 0.05862, -0.602325]]
      dropOnNavmesh:b=yes
    }

    "i:object"{
      templ:t="frog_trap"
      transform:m=[[-0.970264, -5.78322e-08, -0.24205] [-5.96046e-08, 1, 2.30926e-14] [0.24205, 1.44273e-08, -0.970264] [-0.700195, 0.05862, -2.19211]]
      dropOnNavmesh:b=yes
    }

    "i:object"{
      templ:t="frog_trap"
      transform:m=[[-0.970264, -5.78322e-08, -0.24205] [-5.96046e-08, 1, 2.30926e-14] [0.24205, 1.44273e-08, -0.970264] [-1.55484, 0.05862, 1.48538]]
      dropOnNavmesh:b=yes
    }

    "i:object"{
      templ:t="frog_trap"
      transform:m=[[-0.970264, -5.78322e-08, -0.24205] [-5.96046e-08, 1, 2.30926e-14] [0.24205, 1.44273e-08, -0.970264] [0.38765, 0.05862, 2.16824]]
      dropOnNavmesh:b=yes
    }

    "i:object"{
      templ:t="frog_trap"
      transform:m=[[-0.970264, -5.78322e-08, -0.24205] [-5.96046e-08, 1, 2.30926e-14] [0.24205, 1.44273e-08, -0.970264] [1.85899, 0.05862, 0.966187]]
      dropOnNavmesh:b=yes
    }

    "i:object"{
      templ:t="frog_trap"
      transform:m=[[-0.970264, -5.78322e-08, -0.24205] [-5.96046e-08, 1, 2.30926e-14] [0.24205, 1.44273e-08, -0.970264] [1.70255, 0.05862, -1.22562]]
      dropOnNavmesh:b=yes
    }
  }
}

encounter_small_frog_trap_box_modern_rare_loot{
  _use:t="base_interesting_encounter"

  "interesting_encounter__blueprint:array"{
    "i:object"{
      templ:t="decor_cardboard_box_a_400_broken"
      transform:m=[[0.49837, 0, -0.866965] [0, 1, 0] [0.866965, 0, 0.49837] [-0.0352783, 9.53674e-07, -0.0321045]]
      dropOnNormal:b=yes
    }

    "i:object"{
      templ:t="decor_cardboard_box_b_600_loot"
      transform:m=[[0.423853, 0, 0.905731] [0, 1, 0] [-0.905731, 0, 0.423853] [0.153534, 0.0984769, 0.858063]]
      dropOnNormal:b=yes
    }

    "i:object"{
      templ:t="modern_military_equipment_t1_lootable_rendinst"
      transform:m=[[-0.155272, -1.77636e-14, -0.987872] [4.85117e-14, 1, -2.56066e-14] [0.987872, -5.18993e-14, -0.155272] [-0.739471, 0.5, 0.424469]]
      dropOnNormal:b=yes
    }

    "i:object"{
      templ:t="modern_military_close_range_weapons_t1_lootable_rendinst"
      transform:m=[[-0.0803436, 2.79776e-14, -0.996767] [4.98154e-14, 1, 2.4053e-14] [0.996767, -4.77219e-14, -0.0803436] [0.106506, 0.5, -0.600037]]
      dropOnNormal:b=yes
    }

    "i:object"{
      templ:t="weapon_specifications_lootable_rendinst"
      transform:m=[[0.962232, 5.68434e-14, -0.27223] [-5.75187e-14, 1, 5.49914e-15] [0.27223, 1.03669e-14, 0.962232] [0.488022, 0.5, 0.0534973]]
      dropOnNormal:b=yes
    }

    "i:object"{
      templ:t="frog_trap"
      transform:m=[[-0.970264, -5.78322e-08, -0.24205] [-5.96046e-08, 1, 2.30926e-14] [0.24205, 1.44273e-08, -0.970264] [-1.82767, 0.05862, -0.602325]]
      dropOnNavmesh:b=yes
    }

    "i:object"{
      templ:t="frog_trap"
      transform:m=[[-0.970264, -5.78322e-08, -0.24205] [-5.96046e-08, 1, 2.30926e-14] [0.24205, 1.44273e-08, -0.970264] [-0.700195, 0.05862, -2.19211]]
      dropOnNavmesh:b=yes
    }

    "i:object"{
      templ:t="frog_trap"
      transform:m=[[-0.970264, -5.78322e-08, -0.24205] [-5.96046e-08, 1, 2.30926e-14] [0.24205, 1.44273e-08, -0.970264] [-1.55484, 0.05862, 1.48538]]
      dropOnNavmesh:b=yes
    }

    "i:object"{
      templ:t="frog_trap"
      transform:m=[[-0.970264, -5.78322e-08, -0.24205] [-5.96046e-08, 1, 2.30926e-14] [0.24205, 1.44273e-08, -0.970264] [0.38765, 0.05862, 2.16824]]
      dropOnNavmesh:b=yes
    }

    "i:object"{
      templ:t="frog_trap"
      transform:m=[[-0.970264, -5.78322e-08, -0.24205] [-5.96046e-08, 1, 2.30926e-14] [0.24205, 1.44273e-08, -0.970264] [1.85899, 0.05862, 0.966187]]
      dropOnNavmesh:b=yes
    }

    "i:object"{
      templ:t="frog_trap"
      transform:m=[[-0.970264, -5.78322e-08, -0.24205] [-5.96046e-08, 1, 2.30926e-14] [0.24205, 1.44273e-08, -0.970264] [1.70255, 0.05862, -1.22562]]
      dropOnNavmesh:b=yes
    }
  }
}

encounter_small_core_guard{
  _use:t="base_interesting_encounter"

  "interesting_encounter__blueprint:array"{
    "i:object"{
      templ:t="wandering_core_guard_waypoints"
      transform:m=[[1, 0, 0] [0, 1, 0] [0, 0, 1] [0, 0, 0]]
      dropOnNormal:b=yes
      layer:i=1
    }

    "i:object"{
      templ:t="active_matter_pile+coin_item_count_3+item_in_world"
      transform:m=[[1, 0, 0] [0, 1, 0] [0, 0, 1] [1.05539, 1.08601, 0.163086]]
    }

    "i:object"{
      templ:t="active_matter_pile+coin_item_count_3+item_in_world"
      transform:m=[[1, 0, 0] [0, 1, 0] [0, 0, 1] [-0.853149, 1.08601, -0.0831299]]
    }

    "i:object"{
      templ:t="active_matter_pile+coin_item_count_3+item_in_world"
      transform:m=[[1, 0, 0] [0, 1, 0] [0, 0, 1] [0.0879211, 1.08601, 1.19373]]
    }

    "i:object"{
      templ:t="active_matter_pile+coin_item_count_3+item_in_world"
      transform:m=[[1, 0, 0] [0, 1, 0] [0, 0, 1] [0.370331, 1.08601, -1.15771]]
    }

    "i:object"{
      templ:t="active_matter_pile+coin_item_count_3+item_in_world"
      transform:m=[[1, 0, 0] [0, 1, 0] [0, 0, 1] [0.654144, 1.08601, 0.777832]]
    }

    "i:object"{
      templ:t="active_matter_pile+coin_item_count_3+item_in_world"
      transform:m=[[1, 0, 0] [0, 1, 0] [0, 0, 1] [-0.621582, 1.08601, -0.872925]]
    }

    "i:object"{
      templ:t="wandering_core_embryo"
      dropOnNavmesh:b=yes
      transform:m=[[1, 0, 0] [0, 1, 0] [0, 0, 1] [0.0717468, 0, 3.48145]]
      layer:i=2
    }

    "i:object"{
      templ:t="wandering_core_embryo"
      dropOnNavmesh:b=yes
      transform:m=[[1, 0, 0] [0, 1, 0] [0, 0, 1] [0.565826, 0, -2.84875]]
      layer:i=3
    }
  }
}

encounter_small_box_pile{
  _use:t="base_interesting_encounter"

  "interesting_encounter__blueprint:array"{
    "i:object"{
      templ:t="firefly_field_random_encounter"
      transform:m=[[1, 0, 0] [0, 1, 0] [0, 0, 1] [0.0522614, 0, 0.0662537]]
    }

    "i:object"{
      templ:t="decor_pallet_a_type_a"
      transform:m=[[0.719907, 0, 0.694071] [0, 1, 0] [-0.694071, 0, 0.719907] [0.193848, -0.145002, 0.425568]]
      dropOnNormal:b=yes
      layer:i=0
    }

    "i:object"{
      templ:t="decor_pallet_a_type_a"
      transform:m=[[0.7363, 0, 0.676655] [0, 1, 0] [-0.676655, 0, 0.7363] [-0.510513, -0.145, -0.238556]]
      dropOnNormal:b=yes
      layer:i=0
    }

    "i:object"{
      templ:t="decor_sovindustrial_box_zip_a_1000_type_a_open_loot"
      transform:m=[[0.967103, 0, 0.254387] [0, 1, 0] [-0.254387, 0, 0.967103] [0.366104, 0.401234, 0.422272]]
      dropOnNormal:b=yes
      layer:i=1
    }

    "i:object"{
      templ:t="military_equipment_t1_lootable_rendinst"
      transform:m=[[0.52838, 1.42109e-14, -0.849008] [-5.29881e-14, 1, -1.6239e-14] [0.849008, 5.35677e-14, 0.52838] [-0.58728, 0.37697, -0.208221]]
      dropOnNormal:b=yes
      layer:i=1
    }

    "i:object"{
      templ:t="military_close_range_weapons_t1_lootable_rendinst"
      transform:m=[[0.680747, -5.32907e-14, 0.732518] [5.14507e-14, 1, 2.49356e-14] [-0.732518, 2.07137e-14, 0.680747] [0.671448, -0.145, -0.670013]]
      dropOnNormal:b=yes
      layer:i=1
    }

    "i:object"{
      templ:t="military_medical_t1_lootable_rendinst"
      transform:m=[[-0.244011, -2.49245e-14, 0.969772] [4.19498e-14, 1, 3.62567e-14] [-0.969772, 4.95288e-14, -0.244011] [-0.325653, 0.394525, 0.596436]]
      dropOnNormal:b=yes
      layer:i=1
    }
  }
}

encounter_small_box_pile_rare_loot{
  _use:t="base_interesting_encounter"

  "interesting_encounter__blueprint:array"{
    "i:object"{
      templ:t="firefly_field_random_encounter"
      transform:m=[[1, 0, 0] [0, 1, 0] [0, 0, 1] [0.0522614, 0, 0.0662537]]
    }

    "i:object"{
      templ:t="decor_pallet_a_type_a"
      transform:m=[[0.719907, 0, 0.694071] [0, 1, 0] [-0.694071, 0, 0.719907] [0.193848, -0.145002, 0.425568]]
      dropOnNormal:b=yes
      layer:i=0
    }

    "i:object"{
      templ:t="decor_pallet_a_type_a"
