entity{
  _template:t="custom_game_object"
  custom_game_object__name:t="military_drop"
  transform:m=[[0.923956, 0, 0.382499] [0, 1, 0] [-0.382499, 0, 0.923956] [764.226, 84.6483, 165.44]]
}

entity{
  _template:t="custom_game_object"
  custom_game_object__name:t="military_drop"
  transform:m=[[0.881322, 0, 0.364849] [0, 0.953857, 0] [-0.364849, 0, 0.881322] [767.721, 84.7355, 166.907]]
}

entity{
  _template:t="custom_game_object"
  custom_game_object__name:t="military_drop"
  transform:m=[[0.881322, 0, 0.364849] [0, 0.953857, 0] [-0.364849, 0, 0.881322] [813.267, 84.7355, 180.739]]
}

entity{
  _template:t="custom_game_object"
  custom_game_object__name:t="military_drop"
  transform:m=[[0.881322, 0, 0.364849] [0, 0.953857, 0] [-0.364849, 0, 0.881322] [808.773, 80.3835, 193.667]]
}

entity{
  _template:t="custom_game_object"
  custom_game_object__name:t="military_drop"
  transform:m=[[0.881322, 0, 0.364849] [0, 0.953857, 0] [-0.364849, 0, 0.881322] [772.582, 80.3835, 149.286]]
}

entity{
  _template:t="custom_game_object"
  custom_game_object__name:t="military_drop"
  transform:m=[[-0.526982, 0, 0.849877] [0, 1, 0] [-0.849877, 0, -0.526982] [529.65, 21.8231, -922.421]]
}

entity{
  _template:t="custom_game_object"
  custom_game_object__name:t="military_drop"
  transform:m=[[-0.526982, 0, 0.849877] [0, 1, 0] [-0.849877, 0, -0.526982] [544.093, 21.8231, -916.305]]
}

entity{
  _template:t="custom_game_object"
  custom_game_object__name:t="military_drop"
  transform:m=[[-0.526982, 0, 0.849877] [0, 1, 0] [-0.849877, 0, -0.526982] [583.266, 21.8231, -893.571]]
}

entity{
  _template:t="custom_game_object"
  custom_game_object__name:t="military_drop"
  transform:m=[[-0.965359, 0, -0.260927] [0, 1, 0] [0.260927, 0, -0.965359] [581.561, 21.8231, -889.573]]
}

entity{
  _template:t="custom_game_object"
  custom_game_object__name:t="secret_stash"
  transform:m=[[0.53311, 0, -0.846046] [0, 1, 0] [0.846046, -0, 0.53311] [872.042, 11.2587, -1157.92]]
}

entity{
  _template:t="custom_game_object"
  custom_game_object__name:t="secret_stash"
  transform:m=[[0.696324, 0, -0.717727] [0, 1, 0] [0.717727, 0, 0.696324] [914.349, 10.1374, -1140.89]]
}

entity{
  _template:t="custom_game_object"
  custom_game_object__name:t="secret_stash"
  transform:m=[[0.526024, 0, -0.85047] [0, 1, 0] [0.85047, 0, 0.526024] [939.4, 10.6957, -1099.54]]
}

entity{
  _template:t="custom_game_object"
  custom_game_object__name:t="secret_stash"
  transform:m=[[-0.991506, 0, 0.130058] [0, 1, 0] [-0.130058, 0, -0.991506] [1179.95, 23.9448, -1244.91]]
}

entity{
  _template:t="custom_game_object"
  custom_game_object__name:t="secret_stash"
  transform:m=[[-0.7811, 0, -0.624406] [0, 1, 0] [0.624406, 0, -0.7811] [1189.14, 13.9704, -1323.91]]
}

entity{
  _template:t="custom_game_object"
  custom_game_object__name:t="secret_stash"
  transform:m=[[-0.823423, 0, 0.567428] [0, 1, 0] [-0.567428, 0, -0.823423] [1544.47, 41.0684, -1225.33]]
}

entity{
  _template:t="custom_game_object"
  custom_game_object__name:t="secret_stash"
  transform:m=[[0.00565993, 0, 0.999984] [0, 1, 0] [-0.999984, 0, 0.00565993] [1841.42, 39.8895, -1399.3]]
}

entity{
  _template:t="custom_game_object"
  custom_game_object__name:t="secret_stash"
  transform:m=[[-0.208476, 0, 0.978028] [0, 1, 0] [-0.978028, 0, -0.208476] [1583.92, 39.9963, -1259.33]]
}

entity{
  _template:t="custom_game_object"
  custom_game_object__name:t="secret_stash"
  transform:m=[[-0.999515, 0, 0.031141] [0, 1, 0] [-0.031141, 0, -0.999515] [1683.92, 44.8739, -1463.43]]
}

entity{
  _template:t="custom_game_object"
  custom_game_object__name:t="secret_stash"
  transform:m=[[0.653161, 0, -0.757219] [-0, 1, 0] [0.75722, 0, 0.653161] [550.611, 10.3046, -1116.86]]
}

entity{
  _template:t="custom_game_object"
  custom_game_object__name:t="secret_stash"
  transform:m=[[0.811267, 0, 0.584675] [-0, 1, 0] [-0.584675, -0, 0.811267] [508.746, 10.1592, -1038.16]]
}

entity{
  _template:t="custom_game_object"
  custom_game_object__name:t="secret_stash"
  transform:m=[[0.842355, 0, 0.538924] [-0, 1, 0] [-0.538924, -0, 0.842355] [518.323, 10.0514, -1052.71]]
}

entity{
  _template:t="custom_game_object"
  custom_game_object__name:t="secret_stash"
  transform:m=[[-0.549221, 0, 0.835677] [0, 1, 0] [-0.835677, 0, -0.549221] [714.742, 10.406, -999.703]]
}

entity{
  _template:t="custom_game_object"
  custom_game_object__name:t="secret_stash"
  transform:m=[[0.416757, 0, 0.909018] [0, 1, -0] [-0.909018, 0, 0.416757] [767.542, 10.6131, -864.251]]
}

entity{
  _template:t="custom_game_object"
  custom_game_object__name:t="secret_stash"
  transform:m=[[0.526148, 0, -0.850393] [0, 1, 0] [0.850393, 0, 0.526148] [531.123, 10.1769, -889.824]]
}

entity{
  _template:t="custom_game_object"
  custom_game_object__name:t="secret_stash"
  transform:m=[[0.845302, 0, 0.534289] [0, 1, 0] [-0.534289, 0, 0.845302] [546.792, 18.6021, -924.098]]
}

entity{
  _template:t="custom_game_object"
  custom_game_object__name:t="secret_stash"
  transform:m=[[0.521691, 0, 0.853134] [0.199409, 0.9723, -0.121939] [-0.829502, 0.233737, 0.50724] [436.027, 8.11554, -1016.13]]
}

entity{
  _template:t="custom_game_object"
  custom_game_object__name:t="secret_stash"
  transform:m=[[0.999939, 0, 0.0110215] [0, 1, -0] [-0.0110215, 0, 0.999939] [493.912, 59.9888, -547.865]]
}

entity{
  _template:t="custom_game_object"
  custom_game_object__name:t="secret_stash"
  transform:m=[[0.999999, 0, 0.00178479] [0, 1, -0] [-0.00178479, 0, 0.999999] [493.703, 59.9888, -529.528]]
}

entity{
  _template:t="custom_game_object"
  custom_game_object__name:t="secret_stash"
  transform:m=[[0.994104, 0, 0.108427] [0, 1, -0] [-0.108427, 0, 0.994104] [509.969, 59.9888, -509.325]]
}

entity{
  _template:t="custom_game_object"
  custom_game_object__name:t="secret_stash"
  transform:m=[[0.0176893, 0, 0.999844] [0, 1, -0] [-0.999844, 0, 0.0176893] [634.622, 62.941, -444.9]]
}

entity{
  _template:t="custom_game_object"
  custom_game_object__name:t="secret_stash"
  transform:m=[[0.507782, 0, -0.861486] [0, 1, 0] [0.861486, 0, 0.507782] [676.049, 66.8668, -511.433]]
}

entity{
  _template:t="custom_game_object"
  custom_game_object__name:t="secret_stash"
  transform:m=[[-0.897827, 0, -0.440348] [0, 1, 0] [0.440348, 0, -0.897827] [789.168, 57.39, -440.424]]
}

entity{
  _template:t="custom_game_object"
  custom_game_object__name:t="secret_stash"
  transform:m=[[-0.98311, 0, 0.183015] [0, 1, 0] [-0.183015, 0, -0.98311] [735.808, 62.8, -369.202]]
}

entity{
  _template:t="custom_game_object"
  custom_game_object__name:t="secret_stash"
  transform:m=[[0.941081, 0, 0.338181] [0, 1, -0] [-0.338181, 0, 0.941081] [468.073, 75.0019, -379.935]]
}

entity{
  _template:t="custom_game_object"
  custom_game_object__name:t="secret_stash"
  transform:m=[[-0.936851, 0, -0.349731] [0, 1, 0] [0.34973, 0, -0.93685] [485.511, 84.2688, -278.369]]
}

entity{
  _template:t="custom_game_object"
  custom_game_object__name:t="secret_stash"
  transform:m=[[0.0721729, 0, 0.997392] [0, 1, 0] [-0.997392, 0, 0.0721729] [547.065, 74.989, -288.296]]
}

entity{
  _template:t="custom_game_object"
  custom_game_object__name:t="secret_stash"
  transform:m=[[-0.684847, 0, 0.728687] [0, 1, 0] [-0.728687, 0, -0.684847] [636.941, 75.5, -238.418]]
}

entity{
  _template:t="custom_game_object"
  custom_game_object__name:t="secret_stash"
  transform:m=[[-0.292492, 0, -0.956269] [0, 1, 0] [0.956268, 0, -0.292492] [609.744, 75.5373, -207.21]]
}

entity{
  _template:t="custom_game_object"
  custom_game_object__name:t="secret_stash"
  transform:m=[[-0.231497, 0, -0.972836] [0, 1, 0] [0.972836, 0, -0.231497] [704.661, 84.2641, -121.3]]
}

entity{
  _template:t="custom_game_object"
  custom_game_object__name:t="secret_stash"
  transform:m=[[-0.756402, 0, -0.654106] [0, 1, 0] [0.654106, 0, -0.756402] [622.82, 79.9823, 105.811]]
}

entity{
  _template:t="custom_game_object"
  custom_game_object__name:t="secret_stash"
  transform:m=[[-0.380003, 0, 0.924985] [0, 1, 0] [-0.924985, 0, -0.380003] [611.921, 74.989, 174.53]]
}

entity{
  _template:t="custom_game_object"
  custom_game_object__name:t="secret_stash"
  transform:m=[[-0.415055, 0, 0.909796] [0, 1, 0] [-0.909796, 0, -0.415055] [777.149, 74.989, 213.957]]
}

entity{
  _template:t="custom_game_object"
  custom_game_object__name:t="secret_stash"
  transform:m=[[0.908006, 0, 0.418956] [0, 1, 0] [-0.418956, 0, 0.908006] [823.66, 74.976, 270.4]]
}

entity{
  _template:t="custom_game_object"
  custom_game_object__name:t="secret_stash"
  transform:m=[[-0.217903, 0, 0.975971] [0, 1, 0] [-0.975971, 0, -0.217903] [818.577, 74.8495, -25.2458]]
}

entity{
  _template:t="custom_game_object"
  custom_game_object__name:t="secret_stash"
  transform:m=[[0.963475, 0, -0.267798] [0, 1, 0] [0.267798, 0, 0.963475] [1091.7, 65.5, -18.8483]]
}

entity{
  _template:t="custom_game_object"
  custom_game_object__name:t="secret_stash"
  transform:m=[[0.985865, 0, -0.167546] [-0, 1, 0] [0.167546, 0, 0.985864] [1000.58, 64.9967, -313.251]]
}

entity{
  _template:t="custom_game_object"
  custom_game_object__name:t="secret_stash"
  transform:m=[[0.543997, 0.134201, 0.828286] [0.000301972, 0.987096, -0.16013] [-0.839087, 0.0873604, 0.536937] [980.76, 62.5141, -356.341]]
}

entity{
  _template:t="custom_game_object"
  custom_game_object__name:t="secret_stash"
  transform:m=[[-0.218042, 0, -0.975939] [0, 1, 0] [0.97594, 0, -0.218042] [878.959, 65.0779, -331.414]]
}

entity{
  _template:t="custom_game_object"
  custom_game_object__name:t="secret_stash"
  transform:m=[[0.383573, 0, 0.923511] [-0, 1, 0] [-0.923511, -0, 0.383573] [1155.72, 66.1897, -472.976]]
}

entity{
  _template:t="custom_game_object"
  custom_game_object__name:t="secret_stash"
  transform:m=[[0.995955, 0, 0.0898587] [0, 1, -0] [-0.0898587, 0, 0.995955] [1429.3, 70.2602, -1177.12]]
}

entity{
  _template:t="custom_game_object"
  custom_game_object__name:t="quarry_underground"
  transform:m=[[-0.254594, 0, 0.967048] [0, 1, 0] [-0.967048, 0, -0.254594] [1248.35, 7.92381, -626.575]]
}

entity{
  _template:t="custom_game_object"
  custom_game_object__name:t="quarry_underground"
  transform:m=[[1, 0, 0] [0, 1, 0] [0, 0, 1] [1250.15, 7.92382, -625.087]]
}

entity{
  _template:t="custom_game_object"
  custom_game_object__name:t="quarry_underground"
  transform:m=[[1, 0, 0] [0, 1, 0] [0, 0, 1] [1249.59, 7.92382, -619.238]]
}

entity{
  _template:t="custom_game_object"
  custom_game_object__name:t="quarry_underground"
  transform:m=[[0.721686, 0, -0.692221] [0, 1, 0] [0.692221, -0, 0.721686] [1256.11, 5.93916, -572.228]]
}

entity{
  _template:t="custom_game_object"
  custom_game_object__name:t="quarry_underground"
  transform:m=[[0.349076, 0, -0.937094] [0, 1, 0] [0.937094, -0, 0.349076] [1258.07, 5.93916, -571.462]]
}

entity{
  _template:t="custom_game_object"
  custom_game_object__name:t="quarry_underground"
  transform:m=[[-0.997591, 0, -0.0693703] [0, 1, 0] [0.0693703, 0, -0.997591] [1309.17, 10.9375, -568.356]]
}

entity{
  _template:t="custom_game_object"
  custom_game_object__name:t="quarry_underground"
  transform:m=[[-0.748073, 0, -0.663616] [0, 1, 0] [0.663616, 0, -0.748073] [1309.34, 10.9375, -566.173]]
}

entity{
  _template:t="custom_game_object"
  custom_game_object__name:t="quarry_underground"
  transform:m=[[-0.023955, 0, 0.999713] [0, 1, 0] [-0.999713, 0, -0.023955] [1297.42, 10.9375, -574.979]]
}

entity{
  _template:t="custom_game_object"
  custom_game_object__name:t="tunnel_loot"
  transform:m=[[1, 0, 0] [0, 1, 0] [0, 0, 1] [417.217, 52.9687, -508.434]]
}

entity{
  _template:t="custom_game_object"
  custom_game_object__name:t="tunnel_loot"
  transform:m=[[1, 0, 0] [0, 1, 0] [0, 0, 1] [416.633, 52.9687, -507.668]]
}

entity{
  _template:t="custom_game_object"
  custom_game_object__name:t="tunnel_loot"
  transform:m=[[1, 0, 0] [0, 1, 0] [0, 0, 1] [416.181, 52.9687, -508.396]]
}

entity{
  _template:t="custom_game_object"
  custom_game_object__name:t="tunnel_loot"
  transform:m=[[1, 0, 0] [0, 1, 0] [0, 0, 1] [416.511, 52.9687, -509.486]]
}

entity{
  _template:t="custom_game_object"
  custom_game_object__name:t="tunnel_loot"
  transform:m=[[1, 0, 0] [0, 1, 0] [0, 0, 1] [415.799, 52.9687, -509.131]]
}

entity{
  _template:t="custom_game_object"
  custom_game_object__name:t="tunnel_loot"
  transform:m=[[1, 0, 0] [0, 1, 0] [0, 0, 1] [414.968, 52.9687, -508.863]]
}

entity{
  _template:t="custom_game_object"
  custom_game_object__name:t="tunnel_loot"
  transform:m=[[1, 0, 0] [0, 1, 0] [0, 0, 1] [414.707, 52.9687, -508.303]]
}

entity{
  _template:t="custom_game_object"
  custom_game_object__name:t="tunnel_loot"
  transform:m=[[1, 0, 0] [0, 1, 0] [0, 0, 1] [415.66, 52.9687, -507.504]]
}

entity{
  _template:t="custom_game_object"
  custom_game_object__name:t="tunnel_monster"
  transform:m=[[1, 0, 0] [0, 1, 0] [0, 0, 1] [407.83, 54.6787, -503.403]]
}

entity{
  _template:t="custom_game_object"
  custom_game_object__name:t="tunnel_monster"
  transform:m=[[1, 0, 0] [0, 1, 0] [0, 0, 1] [423.246, 55.7148, -506.704]]
}

entity{
  _template:t="custom_game_object"
  custom_game_object__name:t="tunnel_monster"
  transform:m=[[1, 0, 0] [0, 1, 0] [0, 0, 1] [404.792, 57.8601, -501.312]]
}

entity{
  transform:m=[[1, 0, 0] [0, 1, 0] [0, 0, 1] [1428.51, 46.7174, -1136.2]]
  custom_game_object__name:t="worm_nest"
  _template:t="custom_game_object"
}

entity{
  transform:m=[[0.226379, 0, -0.974039] [0, 1, 0] [0.974039, -0, 0.226379] [1305.46, 12.9384, -684.458]]
  custom_game_object__name:t="worm_nest"
  _template:t="custom_game_object"
}

entity{
  _template:t="custom_game_object"
  transform:m=[[-0.745528, 0, 0.666474] [0, 1, 0] [-0.666474, 0, -0.745528] [1841.97, 11.1894, -983.538]]
  custom_game_object__name:t="worm_nest"
}

entity{
  transform:m=[[-0.965926, 0, -0.258819] [0, 1, 0] [0.258819, 0, -0.965926] [177.285, 79.6107, -517.39]]
  custom_game_object__name:t="worm_nest"
  _template:t="custom_game_object"
}

entity{
  _template:t="custom_game_object"
  custom_game_object__name:t="worm_nest"
  transform:m=[[1, 0, 0] [0, 1, 0] [0, 0, 1] [165.13, 80.6, -630.152]]
}

entity{
  _template:t="custom_game_object"
  transform:m=[[1, 0, 0] [0, 1, 0] [0, 0, 1] [632.248, 80.2898, 13.9216]]
  custom_game_object__name:t="worm_nest"
}

entity{
  _template:t="custom_game_object"
  transform:m=[[-0.232475, 0, 0.972602] [0, 1, 0] [-0.972602, 0, -0.232475] [582.246, 80.4427, 26.8699]]
  custom_game_object__name:t="worm_nest"
}

entity{
  _template:t="custom_game_object"
  transform:m=[[-0.828217, 0, -0.560408] [0, 1, 0] [0.560408, 0, -0.828217] [560.923, 79.3052, -13.2193]]
  custom_game_object__name:t="worm_nest"
}

entity{
  _template:t="custom_game_object"
  transform:m=[[-0.876375, 0, 0.481629] [0, 1, 0] [-0.481629, 0, -0.876375] [737.844, 78.2772, 97.198]]
  custom_game_object__name:t="worm_nest"
}

entity{
  _template:t="custom_game_object"
  transform:m=[[1, 0, 0] [0, 1, 0] [0, 0, 1] [818.41, 79.8335, 185.902]]
  custom_game_object__name:t="worm_nest"
}

entity{
  _template:t="custom_game_object"
  transform:m=[[1, 0, 0] [0, 1, 0] [0, 0, 1] [760.514, 80.1624, 173.863]]
  custom_game_object__name:t="worm_nest"
}

entity{
  _template:t="custom_game_object"
  transform:m=[[-0.581799, 0, -0.813332] [0, 1, 0] [0.813332, 0, -0.5818] [823.058, 80.2863, 168.814]]
  custom_game_object__name:t="worm_nest"
}

entity{
  _template:t="custom_game_object"
  transform:m=[[0.047354, 0, 0.998878] [0, 1, -0] [-0.998878, 0, 0.047354] [809.985, 80.1646, 194.431]]
  custom_game_object__name:t="worm_nest"
}

entity{
  _template:t="custom_game_object"
  transform:m=[[0.834634, 0, 0.550805] [0, 1, -0] [-0.550805, 0, 0.834634] [666.155, 75.9928, -133.802]]
  custom_game_object__name:t="worm_nest"
}

entity{
  _template:t="custom_game_object"
  transform:m=[[0.118242, 0, -0.992985] [0, 1, 0] [0.992985, -0, 0.118242] [641.566, 76.0725, -155.534]]
  custom_game_object__name:t="worm_nest"
}

entity{
  _template:t="custom_game_object"
  transform:m=[[0.299053, 0, -0.954237] [0, 1, 0] [0.954237, -0, 0.299053] [689.951, 76.2568, -136.011]]
  custom_game_object__name:t="worm_nest"
}

entity{
  _template:t="custom_game_object"
  transform:m=[[-0.195471, 0, 0.980709] [0, 1, 0] [-0.98071, 0, -0.195471] [541.939, 79.7923, -85.8356]]
  custom_game_object__name:t="worm_nest"
}

entity{
  _template:t="custom_game_object"
  transform:m=[[1, 0, 0] [0, 1, 0] [0, 0, 1] [325.519, 143.048, 56.8386]]
  custom_game_object__name:t="worm_nest"
}

entity{
  _template:t="custom_game_object"
  transform:m=[[1, 0, 0] [0, 1, 0] [0, 0, 1] [231.334, 131.039, -88.0969]]
  custom_game_object__name:t="worm_nest"
}

entity{
  _template:t="custom_game_object"
  transform:m=[[1, 0, 0] [0, 1, 0] [0, 0, 1] [573.411, 79.2882, -34.501]]
  custom_game_object__name:t="worm_nest"
}

entity{
  _template:t="custom_game_object"
  transform:m=[[0.766651, 0, -0.642064] [0, 1, 0] [0.642064, -0, 0.766651] [775.016, 83.0028, 160.599]]
  custom_game_object__name:t="worm_nest"
}

entity{
  transform:m=[[0.791589, 0, 0.611054] [0, 1, -0] [-0.611054, 0, 0.791589] [332.064, 19.4115, -911.45]]
  custom_game_object__name:t="worm_nest"
  _template:t="custom_game_object"
}

entity{
  _template:t="custom_game_object"
  transform:m=[[-0.0671482, 0, 0.997743] [0, 1, 0] [-0.997743, 0, -0.0671482] [84.7502, 115.142, -258.928]]
  custom_game_object__name:t="worm_nest"
}

entity{
  _template:t="custom_game_object"
  transform:m=[[0.14842, 0, -0.988924] [0, 1, 0] [0.988925, -0, 0.14842] [95.9889, 113.17, -281.575]]
  custom_game_object__name:t="worm_nest"
}

entity{
  _template:t="custom_game_object"
  transform:m=[[0.768656, 0, -0.639663] [0, 1, 0] [0.639663, -0, 0.768656] [487.407, 80.1177, -286.288]]
  custom_game_object__name:t="worm_nest"
}

entity{
  _template:t="custom_game_object"
  transform:m=[[0.867442, 0, 0.497539] [0, 1, -0] [-0.497539, 0, 0.867442] [466.6, 79.0997, -341.019]]
  custom_game_object__name:t="worm_nest"
}

entity{
  _template:t="custom_game_object"
  transform:m=[[0.771784, 0, 0.635885] [0, 1, -0] [-0.635885, 0, 0.771784] [472.104, 79.253, -356.18]]
  custom_game_object__name:t="worm_nest"
}

entity{
  _template:t="custom_game_object"
  transform:m=[[-0.695719, 0, -0.718314] [0, 1, 0] [0.718314, 0, -0.695719] [457.021, 79.1321, -350.703]]
  custom_game_object__name:t="worm_nest"
}

entity{
  _template:t="custom_game_object"
  transform:m=[[-0.453105, 0, 0.891457] [0, 1, 0] [-0.891457, 0, -0.453105] [476.912, 79.223, -320.468]]
  custom_game_object__name:t="worm_nest"
}

entity{
  _template:t="custom_game_object"
  transform:m=[[0.581845, 0, -0.8133] [0, 1, 0] [0.8133, -0, 0.581845] [490.245, 79.1683, -328.805]]
  custom_game_object__name:t="worm_nest"
}

entity{
  _template:t="custom_game_object"
  transform:m=[[-0.152312, 0, 0.988332] [0, 1, 0] [-0.988332, 0, -0.152312] [495.495, 79.2068, -356.441]]
  custom_game_object__name:t="worm_nest"
}

entity{
  _template:t="custom_game_object"
  transform:m=[[0.555491, 0, -0.831523] [0, 1, 0] [0.831523, -0, 0.555491] [509.472, 79.2169, -364.516]]
  custom_game_object__name:t="worm_nest"
}

entity{
  _template:t="custom_game_object"
  transform:m=[[0.509669, 0, -0.860371] [0, 1, 0] [0.860371, -0, 0.509669] [495.349, 79.1384, -369.643]]
  custom_game_object__name:t="worm_nest"
}

entity{
  _template:t="custom_game_object"
  transform:m=[[-0.869412, 0, -0.494089] [0, 1, 0] [0.494089, 0, -0.869412] [718.534, 57.4626, -373.014]]
  custom_game_object__name:t="worm_nest"
}

entity{
  _template:t="custom_game_object"
  transform:m=[[0.699743, 0, -0.714394] [0, 1, 0] [0.714394, -0, 0.699743] [732.873, 57.4692, -384.72]]
  custom_game_object__name:t="worm_nest"
}

entity{
  _template:t="custom_game_object"
  transform:m=[[0.0111901, 0, -0.999937] [0, 1, 0] [0.999937, -0, 0.0111901] [906.251, 70.3487, -302.585]]
  custom_game_object__name:t="worm_nest"
}

entity{
  _template:t="custom_game_object"
  transform:m=[[0.543973, 0, 0.839103] [0, 1, -0] [-0.839103, 0, 0.543973] [912.633, 67.7524, -336.986]]
  custom_game_object__name:t="worm_nest"
}

entity{
  _template:t="custom_game_object"
  transform:m=[[-0.340316, 0, 0.940311] [0, 1, 0] [-0.940311, 0, -0.340316] [961.54, 68.3511, -382.33]]
  custom_game_object__name:t="worm_nest"
}

entity{
  _template:t="custom_game_object"
  transform:m=[[0.837515, 0, 0.546414] [0, 1, -0] [-0.546414, 0, 0.837515] [996.132, 70.0624, -316.515]]
  custom_game_object__name:t="worm_nest"
}

entity{
  _template:t="custom_game_object"
  transform:m=[[-0.0159732, 0, 0.999872] [0, 1, 0] [-0.999872, 0, -0.0159732] [1015.7, 70.4543, -345.813]]
  custom_game_object__name:t="worm_nest"
}

entity{
  _template:t="custom_game_object"
  transform:m=[[0.531856, 0, -0.846835] [0, 1, 0] [0.846835, -0, 0.531856] [993.695, 67.9552, -343.28]]
  custom_game_object__name:t="worm_nest"
}

entity{
  _template:t="custom_game_object"
  transform:m=[[0.654482, 0, -0.756078] [0, 1, 0] [0.756078, -0, 0.654482] [1475.49, 140.704, -230.07]]
  custom_game_object__name:t="worm_nest"
}

entity{
  _template:t="custom_game_object"
  transform:m=[[0.98476, 0, 0.173919] [0, 1, -0] [-0.173919, 0, 0.98476] [1522.12, 138.334, -271.412]]
  custom_game_object__name:t="worm_nest"
}

entity{
  _template:t="custom_game_object"
  transform:m=[[0.965945, 0, -0.258747] [0, 1, 0] [0.258747, -0, 0.965945] [1707.97, 25.6277, -668.462]]
  custom_game_object__name:t="worm_nest"
}

entity{
  _template:t="custom_game_object"
  transform:m=[[0.980798, 0, 0.195025] [0, 1, -0] [-0.195025, 0, 0.980798] [1706.73, 24.1616, -729.536]]
  custom_game_object__name:t="worm_nest"
}

entity{
  _template:t="custom_game_object"
  transform:m=[[-0.911273, 0, 0.411803] [0, 1, 0] [-0.411803, 0, -0.911273] [1776.65, 17.7011, -674.397]]
  custom_game_object__name:t="worm_nest"
}

entity{
  _template:t="custom_game_object"
  transform:m=[[-0.449345, 0, 0.893358] [0, 1, 0] [-0.893358, 0, -0.449345] [1595.05, 16.5263, -957.431]]
  custom_game_object__name:t="worm_nest"
}

entity{
  _template:t="custom_game_object"
  transform:m=[[0.834202, 0, -0.551459] [0, 1, 0] [0.551459, -0, 0.834202] [1635.64, 13.5538, -999.236]]
  custom_game_object__name:t="worm_nest"
}

entity{
  _template:t="custom_game_object"
  transform:m=[[0.0496886, 0, -0.998765] [0, 1, 0] [0.998765, -0, 0.0496886] [1715.73, 15.7093, -818.695]]
  custom_game_object__name:t="worm_nest"
}

entity{
  _template:t="custom_game_object"
  transform:m=[[-0.998414, 0, -0.0563051] [0, 1, 0] [0.0563051, 0, -0.998414] [1803.47, 17.7637, -778.43]]
  custom_game_object__name:t="worm_nest"
}

entity{
  _template:t="custom_game_object"
  transform:m=[[-0.997371, 0, -0.0724697] [0, 1, 0] [0.0724697, 0, -0.997371] [1771.48, 17.7484, -741.882]]
  custom_game_object__name:t="worm_nest"
}

entity{
  _template:t="custom_game_object"
  transform:m=[[0.175577, 0, -0.984466] [0, 1, 0] [0.984466, -0, 0.175577] [1910.36, 9.88059, -665.826]]
  custom_game_object__name:t="worm_nest"
}

entity{
  _template:t="custom_game_object"
  transform:m=[[-0.188721, 0, -0.982031] [0, 1, 0] [0.982031, 0, -0.188721] [1797.83, 40.9308, -1371.31]]
  custom_game_object__name:t="worm_nest"
}

entity{
  transform:m=[[0.986647, 0, 0.162874] [0, 1, -0] [-0.162874, 0, 0.986647] [1347.59, 12.9865, -798.591]]
  custom_game_object__name:t="worm_nest"
  _template:t="custom_game_object"
}

entity{
  transform:m=[[-0.182191, 0, -0.983263] [0, 1, 0] [0.983263, 0, -0.182191] [1682.18, 44.8819, -1463.91]]
  custom_game_object__name:t="worm_nest"
  _template:t="custom_game_object"
}

entity{
  transform:m=[[0.328477, 0, 0.944512] [0, 1, -0] [-0.944512, 0, 0.328477] [1714.94, 44.8819, -1442.35]]
  custom_game_object__name:t="worm_nest"
  _template:t="custom_game_object"
}

entity{
  transform:m=[[0.224538, 0, 0.974465] [0, 1, -0] [-0.974465, 0, 0.224538] [1700.17, 44.8819, -1442.48]]
  custom_game_object__name:t="worm_nest"
  _template:t="custom_game_object"
}

entity{
  transform:m=[[-0.808113, 0, -0.589027] [0, 1, 0] [0.589027, 0, -0.808113] [1271.14, 44.926, -1274.74]]
  custom_game_object__name:t="worm_nest"
  _template:t="custom_game_object"
}

entity{
  transform:m=[[-0.986162, 0, -0.165787] [0, 1, 0] [0.165787, 0, -0.986162] [1261.44, 38.3341, -1340.92]]
  custom_game_object__name:t="worm_nest"
  _template:t="custom_game_object"
}

entity{
  transform:m=[[0.866025, 0, 0.5] [0, 1, -0] [-0.5, 0, 0.866025] [1160.87, 12.7294, -1322.8]]
  custom_game_object__name:t="worm_nest"
  _template:t="custom_game_object"
}

entity{
  _template:t="custom_game_object"
  transform:m=[[0.935027, 0, 0.354576] [0, 1, -0] [-0.354576, 0, 0.935027] [1591.01, 39.8869, -1459.18]]
  custom_game_object__name:t="worm_nest"
}

entity{
  _template:t="custom_game_object"
  transform:m=[[0.440576, 0, 0.897716] [0, 1, -0] [-0.897716, 0, 0.440576] [1566.05, 48.4508, -1410.96]]
  custom_game_object__name:t="worm_nest"
}

entity{
  _template:t="custom_game_object"
  transform:m=[[-0.95287, 0, 0.303379] [0, 1, 0] [-0.303379, 0, -0.95287] [1658.53, 43.0574, -1336.09]]
  custom_game_object__name:t="worm_nest"
}

entity{
  _template:t="custom_game_object"
  transform:m=[[-0.868215, 0, 0.496188] [0, 1, 0] [-0.496188, 0, -0.868215] [1666.35, 46.706, -1297.05]]
  custom_game_object__name:t="worm_nest"
}

entity{
  _template:t="custom_game_object"
  transform:m=[[0.950408, 0, -0.311006] [0, 1, 0] [0.311006, -0, 0.950408] [1673.92, 46.6, -1320.88]]
  custom_game_object__name:t="worm_nest"
}

entity{
  _template:t="custom_game_object"
  transform:m=[[0.895312, 0, -0.445441] [0, 1, 0] [0.445441, -0, 0.895312] [1639.86, 46.7122, -1302.09]]
  custom_game_object__name:t="worm_nest"
}

entity{
  _template:t="custom_game_object"
  transform:m=[[0.550199, 0, 0.835034] [0, 1, -0] [-0.835034, 0, 0.550199] [1542.62, 40.9251, -1263.6]]
  custom_game_object__name:t="worm_nest"
}

entity{
  _template:t="custom_game_object"
  transform:m=[[-0.89677, 0, 0.442496] [0, 1, 0] [-0.442496, 0, -0.89677] [1501.57, 48.2205, -1245.97]]
  custom_game_object__name:t="worm_nest"
}

entity{
  _template:t="custom_game_object"
  transform:m=[[0.711574, 0, 0.702611] [0, 1, -0] [-0.702611, 0, 0.711574] [1581.63, 46.7417, -1278.87]]
  custom_game_object__name:t="worm_nest"
}

entity{
  _template:t="custom_game_object"
  transform:m=[[0.939251, 0, -0.343231] [0, 1, 0] [0.343231, -0, 0.939251] [1509.68, 43.0754, -1219.88]]
  custom_game_object__name:t="worm_nest"
}

entity{
  _template:t="custom_game_object"
  transform:m=[[-0.801639, 0, -0.597808] [0, 1, 0] [0.597808, 0, -0.801639] [1446.44, 40.3184, -1213.15]]
  custom_game_object__name:t="worm_nest"
}

entity{
  _template:t="custom_game_object"
  transform:m=[[0.945198, 0, -0.326499] [0, 1, 0] [0.326499, -0, 0.945198] [1470.42, 45.3056, -1165.84]]
  custom_game_object__name:t="worm_nest"
}

entity{
  _template:t="custom_game_object"
  transform:m=[[0.527676, 0, -0.849446] [0, 1, 0] [0.849446, -0, 0.527676] [1455.84, 46.8707, -1187.26]]
  custom_game_object__name:t="worm_nest"
}

entity{
  _template:t="custom_game_object"
  transform:m=[[-0.970913, 0, 0.239434] [0, 1, 0] [-0.239434, 0, -0.970913] [1455.84, 52.3539, -1169.44]]
  custom_game_object__name:t="worm_nest"
}

entity{
  _template:t="custom_game_object"
  transform:m=[[-0.258819, 0, 0.965926] [0, 1, 0] [-0.965926, 0, -0.258819] [1019.38, 6.85328, -1249.11]]
  custom_game_object__name:t="worm_nest"
}

entity{
  _template:t="custom_game_object"
  transform:m=[[-0.467464, 0, 0.884012] [0, 1, 0] [-0.884012, 0, -0.467464] [908.086, 10.1453, -1144.01]]
  custom_game_object__name:t="worm_nest"
}

entity{
  _template:t="custom_game_object"
  transform:m=[[-0.833036, 0, -0.553218] [0, 1, 0] [0.553218, 0, -0.833036] [908.392, 10.3754, -1124.71]]
  custom_game_object__name:t="worm_nest"
}

entity{
  _template:t="custom_game_object"
  transform:m=[[0.685802, 0, 0.727788] [0, 1, -0] [-0.727788, 0, 0.685802] [940.819, 10.4435, -1100.7]]
  custom_game_object__name:t="worm_nest"
}

entity{
  _template:t="custom_game_object"
  transform:m=[[-0.884772, 0, -0.466023] [0, 1, 0] [0.466023, 0, -0.884772] [964.347, 21.2251, -1065.64]]
  custom_game_object__name:t="worm_nest"
}

entity{
  _template:t="custom_game_object"
  transform:m=[[0.465706, 0, -0.88494] [0, 1, 0] [0.88494, -0, 0.465706] [997.961, 21.1877, -1043.15]]
  custom_game_object__name:t="worm_nest"
}

entity{
  _template:t="custom_game_object"
  transform:m=[[0.725011, 0, -0.688737] [0, 1, 0] [0.688737, -0, 0.725011] [265.209, 18.0913, -1099.37]]
  custom_game_object__name:t="worm_nest"
}

entity{
  _template:t="custom_game_object"
  transform:m=[[-0.444651, 0, 0.895704] [0, 1, 0] [-0.895704, 0, -0.444651] [337.163, 7.21653, -1316.02]]
  custom_game_object__name:t="worm_nest"
}

entity{
  _template:t="custom_game_object"
  transform:m=[[0.388433, 0, -0.921477] [0, 1, 0] [0.921477, -0, 0.388433] [281.165, 13.0989, -1000.68]]
  custom_game_object__name:t="worm_nest"
}

entity{
  _template:t="custom_game_object"
  transform:m=[[0.277295, 0, -0.960785] [0, 1, 0] [0.960785, -0, 0.277295] [547.72, 15.4643, -923.465]]
  custom_game_object__name:t="worm_nest"
}

entity{
  _template:t="custom_game_object"
  transform:m=[[0.818726, 0, -0.574184] [0, 1, 0] [0.574184, -0, 0.818726] [596.308, 15.4915, -890.671]]
  custom_game_object__name:t="worm_nest"
}

entity{
  _template:t="custom_game_object"
  transform:m=[[-0.39672, 0, 0.91794] [0, 1, 0] [-0.91794, 0, -0.39672] [590.028, 15.463, -872.426]]
  custom_game_object__name:t="worm_nest"
}

entity{
  _template:t="custom_game_object"
  transform:m=[[-0.822668, 0, 0.568523] [0, 1, 0] [-0.568523, 0, -0.822668] [562.456, 15.4669, -889.645]]
  custom_game_object__name:t="worm_nest"
}

entity{
  _template:t="custom_game_object"
  transform:m=[[-0.770502, 0, 0.637438] [0, 1, 0] [-0.637438, 0, -0.770502] [522.143, 15.4961, -914.509]]
  custom_game_object__name:t="worm_nest"
}

entity{
  _template:t="custom_game_object"
  transform:m=[[-0.187684, 0, -0.98223] [0, 1, 0] [0.98223, 0, -0.187684] [756.662, 10.6834, -871.964]]
  custom_game_object__name:t="worm_nest"
}

entity{
  _template:t="custom_game_object"
  transform:m=[[-0.866025, 0, -0.5] [0, 1, 0] [0.5, 0, -0.866025] [536.915, 65.0701, -556.712]]
  custom_game_object__name:t="worm_nest"
}

entity{
  _template:t="custom_game_object"
  transform:m=[[0.966797, 0, 0.255547] [0, 1, -0] [-0.255547, 0, 0.966797] [579.276, 65.0637, -555.292]]
  custom_game_object__name:t="worm_nest"
}

entity{
  _template:t="custom_game_object"
  transform:m=[[-0.23151, 0, -0.972832] [0, 1, 0] [0.972832, 0, -0.23151] [572.72, 65.1091, -564.597]]
  custom_game_object__name:t="worm_nest"
}

entity{
  _template:t="custom_game_object"
  transform:m=[[-0.297599, 0, -0.954691] [0, 1, 0] [0.954691, 0, -0.297599] [545.99, 64.1052, -488.783]]
  custom_game_object__name:t="worm_nest"
}

entity{
  _template:t="custom_game_object"
  transform:m=[[0.282893, 0, -0.959151] [0, 1, 0] [0.959151, -0, 0.282893] [532.09, 64.0592, -489.949]]
  custom_game_object__name:t="worm_nest"
}

entity{
  _template:t="custom_game_object"
  transform:m=[[-0.350519, 0, -0.936556] [0, 1, 0] [0.936556, 0, -0.350519] [568.737, 64.1521, -486.054]]
  custom_game_object__name:t="worm_nest"
}

entity{
  _template:t="custom_game_object"
  transform:m=[[0.218477, 0, -0.975842] [0, 1, 0] [0.975842, -0, 0.218477] [583.985, 64.1394, -484.69]]
  custom_game_object__name:t="worm_nest"
}

entity{
  _template:t="custom_game_object"
  transform:m=[[0.256258, 0, 0.966608] [0, 1, -0] [-0.966608, 0, 0.256258] [560.021, 65.0541, -545.986]]
  custom_game_object__name:t="worm_nest"
}

entity{
  _template:t="custom_game_object"
  transform:m=[[0.156184, 0, -0.987728] [0, 1, 0] [0.987728, -0, 0.156184] [613.907, 64.0523, -544.365]]
  custom_game_object__name:t="worm_nest"
}

entity{
  _template:t="custom_game_object"
  transform:m=[[0.385827, 0, -0.922571] [0, 1, 0] [0.922571, -0, 0.385827] [628.569, 64.1684, -543.055]]
  custom_game_object__name:t="worm_nest"
}

entity{
  _template:t="custom_game_object"
  transform:m=[[0.125125, 0, -0.992141] [0, 1, 0] [0.992141, -0, 0.125125] [612.92, 64.1321, -483.472]]
  custom_game_object__name:t="worm_nest"
}

entity{
  _template:t="custom_game_object"
  transform:m=[[0.0174308, 0, -0.999848] [0, 1, 0] [0.999848, -0, 0.0174308] [636.762, 64.1262, -493.104]]
  custom_game_object__name:t="worm_nest"
}

entity{
  _template:t="custom_game_object"
  transform:m=[[-0.254547, 0, 0.96706] [0, 1, 0] [-0.96706, 0, -0.254547] [645.481, 64.1598, -479.956]]
  custom_game_object__name:t="worm_nest"
}

entity{
  _template:t="custom_game_object"
  transform:m=[[0.267657, 0, 0.963514] [0, 1, -0] [-0.963514, 0, 0.267657] [540.253, 64.1013, -476.85]]
  custom_game_object__name:t="worm_nest"
}

entity{
  _template:t="custom_game_object"
  transform:m=[[0.160409, 0, 0.987051] [0, 1, -0] [-0.987051, 0, 0.160409] [583.856, 64.1423, -473.272]]
  custom_game_object__name:t="worm_nest"
}

entity{
  _template:t="custom_game_object"
  transform:m=[[-0.00494983, 0, 0.999988] [0, 1, 0] [-0.999988, 0, -0.00494983] [607.034, 64.0937, -471.601]]
  custom_game_object__name:t="worm_nest"
}

entity{
  _template:t="custom_game_object"
  transform:m=[[-0.210502, 0, 0.977593] [0, 1, 0] [-0.977593, 0, -0.210502] [623.345, 64.1385, -470.186]]
  custom_game_object__name:t="worm_nest"
}

entity{
  _template:t="custom_game_object"
  transform:m=[[0.33645, 0, -0.941701] [0, 1, 0] [0.941701, -0, 0.33645] [650.536, 64.1102, -529.518]]
  custom_game_object__name:t="worm_nest"
}

entity{
  _template:t="custom_game_object"
  transform:m=[[0.258819, 0, -0.965926] [0, 1, 0] [0.965926, -0, 0.258819] [640.15, 64.1185, -532.088]]
  custom_game_object__name:t="worm_nest"
}

entity{
  _template:t="custom_game_object"
  transform:m=[[0.703533, 0, -0.710662] [0, 1, 0] [0.710662, -0, 0.703533] [695.391, 63.7559, -511.585]]
  custom_game_object__name:t="worm_nest"
}

entity{
  _template:t="custom_game_object"
  transform:m=[[-0.372655, 0, 0.92797] [0, 1, 0] [-0.92797, 0, -0.372655] [685.894, 63.7295, -502.862]]
  custom_game_object__name:t="worm_nest"
}

entity{
  _template:t="custom_game_object"
  transform:m=[[0.0901797, 0, 0.995925] [0, 1, -0] [-0.995925, 0, 0.0901797] [644.462, 64.1218, -517.536]]
  custom_game_object__name:t="worm_nest"
}

entity{
  _template:t="custom_game_object"
  transform:m=[[-0.390089, 0, 0.920777] [0, 1, 0] [-0.920777, 0, -0.390089] [618.47, 64.1994, -531.671]]
  custom_game_object__name:t="worm_nest"
}

entity{
  _template:t="custom_game_object"
  transform:m=[[-0.238246, 0, 0.971205] [0, 1, 0] [-0.971205, 0, -0.238246] [681.134, 63.7221, -505.639]]
  custom_game_object__name:t="worm_nest"
}

entity{
  _template:t="custom_game_object"
  transform:m=[[0.994297, 0, 0.106651] [0, 1, -0] [-0.106651, 0, 0.994297] [871.573, 52.7544, -566.823]]
  custom_game_object__name:t="worm_nest"
}

entity{
  _template:t="custom_game_object"
  transform:m=[[-0.624762, 0, 0.780815] [0, 1, 0] [-0.780815, 0, -0.624762] [853.55, 28.3567, -701.125]]
  custom_game_object__name:t="worm_nest"
}

entity{
  _template:t="custom_game_object"
  transform:m=[[-0.14604, 0, -0.989279] [0, 1, 0] [0.989279, 0, -0.14604] [870.111, 25.019, -761.093]]
  custom_game_object__name:t="worm_nest"
}

entity{
  _template:t="custom_game_object"
  transform:m=[[0.489054, 0, -0.872254] [0, 1, 0] [0.872254, -0, 0.489054] [755.853, 18.9964, -762.962]]
  custom_game_object__name:t="worm_nest"
}

entity{
  _template:t="custom_game_object"
  transform:m=[[-0.920064, 0, -0.391767] [0, 1, 0] [0.391767, 0, -0.920064] [763.247, 17.8717, -799.252]]
  custom_game_object__name:t="worm_nest"
}

entity{
  _template:t="custom_game_object"
  transform:m=[[0.791035, 0, -0.611771] [0, 1, 0] [0.611771, -0, 0.791035] [645.562, 11.0443, -1155.92]]
  custom_game_object__name:t="worm_nest"
}

entity{
  _template:t="custom_game_object"
  transform:m=[[-0.758395, 0, -0.651795] [0, 1, 0] [0.651795, 0, -0.758395] [589.247, 14.5156, -1042.09]]
  custom_game_object__name:t="worm_nest"
}

entity{
  _template:t="custom_game_object"
  transform:m=[[0.867804, 0, -0.496908] [0, 1, 0] [0.496908, -0, 0.867804] [566.998, 11.1165, -1020.35]]
  custom_game_object__name:t="worm_nest"
}

entity{
  transform:m=[[-0.917875, 0, -0.39687] [0, 1, 0] [0.39687, 0, -0.917875] [604.031, 10.5193, -969.232]]
  custom_game_object__name:t="worm_nest"
  _template:t="custom_game_object"
}

entity{
  transform:m=[[-0.805277, 0, -0.592898] [0, 1, 0] [0.592898, 0, -0.805277] [753.248, 54.0592, -485.958]]
  custom_game_object__name:t="worm_nest"
  _template:t="custom_game_object"
}

entity{
  _template:t="custom_game_object"
  transform:m=[[-0.616939, 0, 0.787011] [0, 1, 0] [-0.787011, 0, -0.616939] [550.138, 11.1512, -1057.11]]
  custom_game_object__name:t="worm_nest"
}

entity{
  _template:t="custom_game_object"
  transform:m=[[-0.796668, 0, -0.604418] [0, 1, 0] [0.604418, 0, -0.796668] [655.454, 14.1502, -995.528]]
  custom_game_object__name:t="worm_nest"
}

entity{
  _template:t="custom_game_object"
  transform:m=[[-0.391697, 0, 0.920094] [0, 1, 0] [-0.920094, 0, -0.391697] [661.719, 10.6261, -989.695]]
  custom_game_object__name:t="worm_nest"
}

entity{
  _template:t="custom_game_object"
  transform:m=[[0.758626, 0, 0.651527] [0, 1, -0] [-0.651527, 0, 0.758626] [638.867, 11.0895, -959.736]]
  custom_game_object__name:t="worm_nest"
}

entity{
  _template:t="custom_game_object"
  transform:m=[[-0.767977, 0, -0.640478] [0, 1, 0] [0.640478, 0, -0.767977] [701.008, 14.4848, -967.28]]
  custom_game_object__name:t="worm_nest"
}

entity{
  _template:t="custom_game_object"
  transform:m=[[-0.639875, 0, -0.768479] [0, 1, 0] [0.768479, 0, -0.639875] [733.414, 10.1835, -964.006]]
  custom_game_object__name:t="worm_nest"
}

entity{
  _template:t="custom_game_object"
  transform:m=[[0.609898, 0, -0.79248] [0, 1, 0] [0.79248, -0, 0.609898] [796.737, 14.5733, -893.871]]
  custom_game_object__name:t="worm_nest"
}

entity{
  _template:t="custom_game_object"
  transform:m=[[-0.35355, 0, -0.935416] [0, 1, 0] [0.935416, 0, -0.35355] [785.403, 11.1616, -895.157]]
  custom_game_object__name:t="worm_nest"
}

entity{
  _template:t="custom_game_object"
  transform:m=[[0.730878, 0, -0.682509] [0, 1, 0] [0.682509, -0, 0.730878] [750.282, 14.5282, -941.913]]
  custom_game_object__name:t="worm_nest"
}

entity{
  _template:t="custom_game_object"
  transform:m=[[-0.136932, 0, -0.99058] [0, 1, 0] [0.99058, 0, -0.136932] [718.034, 10.7465, -920.719]]
  custom_game_object__name:t="worm_nest"
}

entity{
  _template:t="custom_game_object"
  transform:m=[[-0.171675, 0, 0.985154] [0, 1, 0] [-0.985154, 0, -0.171675] [747.983, 11.1315, -928.448]]
  custom_game_object__name:t="worm_nest"
}

entity{
  _template:t="custom_game_object"
  transform:m=[[0.379436, 0, 0.925218] [0, 1, -0] [-0.925218, 0, 0.379436] [672.013, 11.0942, -937.257]]
  custom_game_object__name:t="worm_nest"
}

entity{
  _template:t="custom_game_object"
  transform:m=[[-0.559132, 0, -0.829079] [0, 1, 0] [0.829079, 0, -0.559132] [85.9646, 83.7814, -615.247]]
  custom_game_object__name:t="worm_nest"
}

entity{
  _template:t="custom_game_object"
  transform:m=[[0.442245, 0, 0.896894] [0, 1, -0] [-0.896894, 0, 0.442245] [114.949, 81.604, -592.601]]
  custom_game_object__name:t="worm_nest"
}

entity{
  _template:t="custom_game_object"
  transform:m=[[0.880532, 0, -0.473988] [0, 1, 0] [0.473988, -0, 0.880532] [128.202, 81.5648, -667.287]]
  custom_game_object__name:t="worm_nest"
}

entity{
  _template:t="custom_game_object"
  transform:m=[[-0.438801, 0, 0.898584] [0, 1, 0] [-0.898585, 0, -0.438801] [193.98, 81.5833, -668.227]]
  custom_game_object__name:t="worm_nest"
}

entity{
  transform:m=[[0.137485, 0, -0.990504] [0, 1, 0] [0.990504, -0, 0.137485] [285.966, 80.1672, -567.155]]
  custom_game_object__name:t="worm_nest"
  _template:t="custom_game_object"
}

entity{
  transform:m=[[0.707107, 0, 0.707107] [0, 1, -0] [-0.707107, 0, 0.707107] [294.525, 85.928, -502.09]]
  custom_game_object__name:t="worm_nest"
  _template:t="custom_game_object"
}

entity{
